# 
1 1 0.3401340839346094
2 2 -3.884982945799721
3 3 2.826436781780417
4 4 -2.798114369235116
5 5 1.3732250176959535
6 6 -3.373661415541264
7 7 0.3758361751305044
8 8 2.734437581320706
9 9 -2.8653852209071298
10 10 2.9380690578239363
11 11 -1.362261831962182
12 12 0.95383459741036
13 13 3.3552347526118167
14 14 2.8916658043988743
15 15 1.19910997776684
16 16 1.1952871763213393
17 17 1.68248198954047
18 18 -3.9417087105157336
19 19 3.3000681529437745
20 20 0.93559270733559
21 21 -0.666313950740939
22 22 3.074317167015717
23 23 0.2479532215019535
24 24 -3.227986358195418
25 25 0.8044558064115908
26 26 1.9247714787868908
27 27 3.8192259155884183
28 28 -3.5250636968747457
29 29 -2.2198633352270623
30 30 -0.0683500635513807
31 31 -1.0068952768442463
32 32 1.427762830047432
33 33 0.5865031540210746
34 34 -2.726670963511226
35 35 -2.173832641524497
36 36 0.4937758418557756
37 37 -2.4529811305166973
38 38 0.4942700696993283
39 39 0.1354316188949509
40 40 -1.1752202704173067
41 41 3.134434089571519
42 42 -0.2994126188563442
43 43 3.65982641519672
44 44 -3.948436298636225
45 45 0.5783001230002096
46 46 -3.5931120283536355
47 47 3.53464526198734
48 48 -1.6327660241662638
49 49 1.811098518499393
50 50 3.853156290704087
51 51 -1.6358252337569992
52 52 3.4336478224719897
53 53 0.6632595449788159
54 54 -1.18170858341069
55 55 3.479299372333517
56 56 -3.7014175403840026
57 57 -3.197422373727579
58 58 -2.253496200441739
59 59 2.469791849065465
60 60 2.8326599678773787
61 61 -0.9537289555588576
62 62 2.687536920050503
63 63 -2.681132188743735
64 64 0.2751047095335694
65 65 -3.586696873398685
66 66 0.327816180635943
67 67 -1.6002452435190584
68 68 2.0752215295165604
69 69 -0.2951792862192013
70 70 -1.962926753282324
71 71 1.7200391639865114
72 72 3.7898389373469934
73 73 -2.010620845597593
74 74 0.2090842204610359
75 75 1.3782462999822176
76 76 2.0828712370479696
77 77 2.058839505795773
78 78 0.2855604894831165
79 79 -1.121097599859259
80 80 3.3598672055518897
81 81 -0.9468512204283002
82 82 3.767658673952231
83 83 3.0141906337689592
84 84 2.8487746195988946
85 85 2.5730927625571542
86 86 0.7288508503442443
87 87 -2.4719485834162187
88 88 -1.4255207027922578
89 89 0.4264190496058599
90 90 3.277095147732439
91 91 2.145106202289268
92 92 -0.6113573755724451
93 93 3.8948003725740903
94 94 3.12083873266832
95 95 1.272712373497276
96 96 -2.794631503070164
97 97 -1.153426403975249
98 98 -3.80031423934826
99 99 -1.7218636020112117
100 100 3.153568588924517
101 101 -0.8127388433875602
102 102 -2.8108863779690374
103 103 2.68312208519563
104 104 2.981920094330894
105 105 3.2843950725485334
106 106 0.8199918153058645
107 107 3.213052067456026
108 108 3.716835179198058
109 109 3.837493476304736
110 110 2.386183015435936
111 111 -2.29063469188018
112 112 -3.172034060292529
113 113 1.567335895389478
114 114 1.3877673521294884
115 115 2.1881890012402057
116 116 -0.3529113015663769
117 117 -1.270455308275806
118 118 -0.958802566275808
119 119 -2.64548602571411
120 120 1.878944719241788
121 121 -2.2601149210493308
122 122 -2.6373540177292343
123 123 3.32189750864168
124 124 -2.675116828371828
125 125 -0.2109040167856575
126 126 1.2199476713469055
127 127 -2.143636806292407
128 128 -2.2611249563360927
129 129 3.114087663403259
130 130 2.707486366730012
131 131 -0.982777890804888
132 132 2.936619755706388
133 133 1.1312097368505656
134 134 -3.836635253914469
135 135 -0.5684419559218776
136 136 2.9815157242430548
137 137 -1.5266588549795754
138 138 1.7761002737950775
139 139 2.8403835190303086
140 140 -0.2350308510620715
141 141 2.8784951780750863
142 142 3.8949815998246633
143 143 -3.299134937382613
144 144 3.472436126026768
145 145 -2.9362558407187587
146 146 1.1231127579540443
147 147 -2.5770162153433853
148 148 1.595069458391098
149 149 -0.0982538405915347
150 150 3.683386253324855
151 151 0.6102941125393277
152 152 -2.0760823273602105
153 153 2.334973614693851
154 154 0.1593634736139257
155 155 -3.939252896877465
156 156 3.8812084011694425
157 157 2.374710119190044
158 158 1.7616590812325192
159 159 1.1760440275433934
160 160 3.3385207679918887
161 161 1.73836409261341
162 162 0.4438043122410278
163 163 -2.2340178244093494
164 164 2.0158862656671284
165 165 0.1033748818818471
166 166 -3.3233949086108945
167 167 1.763382054424432
168 168 -3.004583725197857
169 169 0.1090711416867185
170 170 3.7989540260193673
171 171 3.8112670620918223
172 172 2.918916289518209
173 173 0.7209886397544887
174 174 -0.7656308944900552
175 175 2.699501682228524
176 176 3.3670673658620967
177 177 2.2108817518721846
178 178 -1.656804628875026
179 179 -2.070733187962783
180 180 -2.1207601751851275
181 181 1.0900744442756052
182 182 3.7892475065008098
183 183 -0.0762601990926663
184 184 -1.821451004697548
185 185 2.734399292473821
186 186 -0.0728719435698641
187 187 -2.412661727982824
188 188 3.3010911135529124
189 189 -0.8748198838423518
190 190 -1.7702867371937223
191 191 3.191224777318672
192 192 -1.122602727375555
193 193 -3.32472244570567
194 194 -3.942089937971802
195 195 -2.344398888286811
196 196 -0.6097147023388398
197 197 3.1709480510424006
198 198 -3.0978038346949104
199 199 1.3699322004938894
200 200 2.112179498727476
201 201 -3.856012331590436
202 202 2.16134655376996
203 203 -1.9030835735829008
204 204 -2.171940345241987
205 205 -1.2133596829265674
206 206 1.571311991235835
207 207 -3.87799830833736
208 208 -3.4971906223404146
209 209 0.9774813812892952
210 210 -1.9647423075999957
211 211 2.657327897646396
212 212 0.634297959916128
213 213 -1.3603009894650544
214 214 -1.8054579319101425
215 215 0.5417199698073416
216 216 3.5327931702942266
1 5 0.0848544221545946
1 6 0.0556417596536005
1 7 0.0785001345776714
1 8 -0.0980679762376917
1 13 -0.6379527801107219
1 14 -0.7149589857121923
1 15 -0.9864445104208286
1 16 -0.6755243718340933
2 1 0.4073872849558648
2 5 0.0342867549562548
2 6 -0.9073334799785432
2 7 -0.5649006381538648
2 8 0.0183510441141487
2 13 0.3358396597301756
2 14 -0.4144283856117365
2 15 0.368521783179039
2 16 -0.9593834702093736
3 5 -0.7858789327501321
3 6 0.7221886585018777
3 7 0.2577492950275806
3 8 0.9776624005427564
4 3 -0.5897550339265596
4 5 0.9773006558581756
4 6 0.9924613717829224
4 7 0.2784932877973305
4 8 -0.2838882272983893
5 6 0.487524427348972
5 29 0.1017653966307337
6 30 0.6026894032359775
7 8 0.3129367942896255
7 31 0.759278451609205
8 32 0.694525290399167
9 5 0.9629500024110118
9 6 -0.907479994519304
9 13 -0.266835228253627
9 14 0.9033482447721536
9 15 -0.702800888548542
9 16 -0.9509572711369514
9 21 -0.3337906387395282
9 22 0.2295709479011323
9 23 0.612888046572807
9 24 0.5400990092908702
9 79 0.8360585231464812
9 80 0.608627704527595
10 5 -0.0927089140472432
10 6 0.4140131895657895
10 9 -0.4875398975577703
10 13 0.2899166613655932
10 14 0.2236752965080175
10 15 -0.7265474668277627
10 16 -0.802737211207214
10 21 0.8146845773664015
10 22 0.3549999657089044
10 23 -0.782444000631688
10 24 -0.1875156129436894
10 79 0.3981629715746337
10 80 -0.1127458746001397
11 5 0.1917899489707903
11 6 -0.1500851523758455
11 13 -0.7014444703489588
11 14 0.8184281769478468
11 15 -0.2441934275890784
11 16 -0.3547922309297171
11 79 -0.3768615962997277
11 80 -0.7721993299595034
12 5 -0.4847880505111259
12 6 -0.8100267194687114
12 11 0.3581178337497284
12 13 0.5492901389019005
12 14 0.1696409062007633
12 15 -0.5952462466084845
12 16 -0.9994587222693444
12 79 0.5882071643206352
12 80 0.6928511512503284
13 14 0.7700256407781849
13 37 -0.3826126222721542
14 38 -0.2444040501539808
15 16 -0.0205608356775142
15 39 -0.4790311614769191
16 40 -0.6918355479524003
17 13 0.6046348388903355
17 14 0.7996291200863139
17 21 0.0021300806599371
17 22 -0.5795029868559913
17 23 0.9775041261068278
17 24 0.8852284419999468
17 87 0.9481390897314592
17 88 -0.4024543034694872
18 13 -0.7071931777881835
18 14 -0.677092804611162
18 17 -0.072112724155301
18 21 -0.543764726924225
18 22 -0.1408031257937099
18 23 -0.398001356310294
18 24 -0.1047354569027967
18 87 0.7373611573747403
18 88 -0.0248680486148513
19 13 -0.8422078482585258
19 14 0.0860353070053725
19 21 0.7093362546901627
19 22 0.667108299091566
19 23 0.7552225108483674
19 24 -0.1460385468488454
19 77 0.0553496586480442
19 78 0.9301402528965336
19 79 -0.1216285201579918
19 80 0.0261013622977386
19 87 -0.3212346376974591
19 88 -0.0485906702678893
20 13 -0.3586771452974053
20 14 0.2663700328038931
20 19 0.1252114739007932
20 21 -0.6036085972266816
20 22 -0.2541529143795606
20 23 -0.735447642786683
20 24 -0.8967624982485061
20 77 -0.4030501050411843
20 78 -0.469591825565925
20 79 -0.6203403007407633
20 80 0.208841572296677
20 87 -0.9695290968009852
20 88 0.2116062220774905
21 22 0.8605783020279381
21 45 0.6731087410411776
22 46 -0.0681624367587165
23 24 -0.1533462550230822
23 47 0.0054712822401687
24 48 -0.117521685713511
25 23 0.7026913678202766
25 24 -0.1762405824745507
25 29 -0.8098347863242188
25 30 -0.1480926181037614
25 31 -0.4825481406923839
25 32 -0.8610119638385068
25 37 -0.4871242484615956
25 38 0.929618652111087
25 39 -0.5254471806272552
25 40 0.2394619872469456
26 23 -0.2172220225707748
26 24 0.136511283471403
26 25 0.905889449461208
26 29 0.2749540353210333
26 30 0.3291341558461338
26 31 0.8836524293557213
26 32 -0.2285270885072652
26 37 0.3790785381703898
26 38 0.7245233692625526
26 39 -0.9358552386348856
26 40 0.1288026820704353
27 13 -0.3203960126995453
27 14 -0.3004330234776489
27 15 -0.4678609225342254
27 16 -0.8026441173450716
27 23 -0.2039079739444598
27 24 -0.1624351794978757
27 29 -0.7678496068389895
27 30 -0.879345737796932
27 31 -0.2910224532096228
27 32 -0.9748341139097796
28 13 0.4269475847653632
28 14 0.6820609563721607
28 15 0.1751936055279439
28 16 -0.5790910590663776
28 23 0.0853577207538511
28 24 -0.6913411569842467
28 27 0.7123199085208674
28 29 0.6786532479551972
28 30 0.8344516166424312
28 31 0.9639723256733082
28 32 0.5940675026632134
29 30 0.9048282859300248
29 53 0.6392207453400869
30 54 0.7513751537968549
31 32 0.9682415555259682
31 55 0.1871330220630054
32 56 -0.033596765658697
33 29 0.3888379187643378
33 30 0.3377657881702018
33 37 -0.6593027003047305
33 38 0.5716342533479108
33 39 0.9169198563637246
33 40 0.0953734446630534
33 45 -0.5087992585421028
33 46 -0.0402941014132514
33 47 0.9814800258427644
33 48 0.8029989517866731
33 103 0.3827555037197427
33 104 0.1535257099794182
34 29 -0.6451269176097505
34 30 -0.2666524709377726
34 33 -0.6710603848036114
34 37 0.447090260105673
34 38 0.7648579337401828
34 39 0.439208613353077
34 40 0.4152744077578503
34 45 -0.5142441975211114
34 46 0.7757335372094438
34 47 -0.1406425759751846
34 48 0.1943304826707417
34 103 -0.9807042926973402
34 104 0.3729991870863889
35 21 0.2435520223278759
35 22 0.3806250469019916
35 23 -0.982783578537415
35 24 0.6424647782941368
35 29 -0.3258398090935515
35 30 -0.5522645702674378
35 37 0.0867145912890341
35 38 -0.0979080312615718
35 39 0.3374755781523244
35 40 -0.1283161205728449
35 103 -0.0197337099260108
35 104 -0.4693158345149055
36 21 0.1154092262820916
36 22 -0.4631135359676586
36 23 0.2623016775725009
36 24 -0.628399314086967
36 29 0.8854885739241372
36 30 0.8669087608763759
36 35 -0.0065528632821891
36 37 -0.4572584428103969
36 38 -0.5342967387406334
36 39 -0.6622367689253061
36 40 0.9149995983450409
36 103 -0.3397506254231428
36 104 -0.3808412924237252
37 38 -0.5301208211790704
37 61 0.9936999995908832
38 62 0.3978491567529394
39 40 -0.8650829246015934
39 63 -0.194547825409161
40 64 0.6501573089960457
41 37 0.2672104289630903
41 38 0.3817289890042699
41 45 0.8092773869968231
41 46 0.7397374022957388
41 47 0.2939471203602048
41 48 0.9782111319640804
41 111 0.6907676263324818
41 112 -0.28443697874973
42 37 0.9588155980590136
42 38 0.9806323627600312
42 41 -0.9284308708575644
42 45 0.2579880130674121
42 46 -0.2099185128132277
42 47 -0.4478619349245216
42 48 -0.7119337059496289
42 111 0.2129919025550974
42 112 -0.7149839062191057
43 37 0.3828903194018827
43 38 0.9116640087444544
43 45 -0.3298623880524081
43 46 -0.7201194647318265
43 47 -0.2197739522787127
43 48 0.4871280275292351
43 101 -0.2828959798137307
43 102 0.7001678790236532
43 103 -0.1406654847911355
43 104 -0.0154740001365214
43 111 -0.9198679997803868
43 112 0.3002520380416305
44 37 -0.7621710674982591
44 38 -0.783271976400822
44 43 -0.0322816688174132
44 45 -0.9680398377151842
44 46 0.9579856302763248
44 47 -0.2542926365660498
44 48 -0.8792807977206141
44 101 -0.3256336552767529
44 102 -0.2776053146450188
44 103 0.819263619677876
44 104 -0.2869618478962203
44 111 0.1618553168451977
44 112 0.3427954440858214
45 46 0.3134928395801724
45 69 -0.7251791452986158
46 70 -0.6736991901734115
47 48 0.5971984918841695
47 71 -0.4640029985848299
48 72 -0.1612828720214556
49 47 0.1903214369267736
49 48 0.746120043572098
49 53 0.8609228192419569
49 54 -0.9923881927420476
49 55 -0.940444337219594
49 56 0.1922272885024538
49 61 0.0639250159267874
49 62 -0.0875262034233628
49 63 0.0591291200313941
49 64 0.0202538686180759
50 47 0.7586907027499128
50 48 -0.9172995987866144
50 49 -0.3939645403078962
50 53 0.9512131833349736
50 54 0.3094951311990468
50 55 0.2917152407520544
50 56 -0.2848226906988014
50 61 0.1783104058415681
50 62 0.2890300256657898
50 63 -0.6597836472074177
50 64 -0.2019131831052905
51 37 0.4464495931427314
51 38 -0.632840032464888
51 39 -0.6579934398263798
51 40 0.773109710393042
51 47 0.0323531976721265
51 48 0.131988850880623
51 53 -0.4117167939323476
51 54 0.5286205959888213
51 55 -0.6725438972529922
51 56 0.0538662837204217
52 37 -0.9953197608281612
52 38 -0.6945172151255901
52 39 0.6454731744917128
52 40 0.5253585068706139
52 47 -0.5450319075034931
52 48 -0.5390988657878806
52 51 0.4336061375274083
52 53 0.0829782442584496
52 54 -0.3627351425970269
52 55 -0.8646765495987854
52 56 -0.668171584690419
53 54 -0.2417389396124356
55 56 0.669943741328042
57 53 -0.63645552457739
57 54 0.4716460040065975
57 61 0.6706957850531474
57 62 -0.1080004026782299
57 63 0.3018555477634681
57 64 -0.0464100465097585
57 69 -0.3796053567179969
57 70 -0.227931781002165
57 71 -0.0466370449879167
57 72 0.8204319446048349
57 127 -0.2435677252084056
57 128 0.4903590220878275
58 53 -0.0133084362453297
58 54 0.0398924561184397
58 57 0.971600216037539
58 61 -0.5157367891181832
58 62 0.6104439830157027
58 63 -0.198590194760756
58 64 -0.5938909015350218
58 69 0.4676441665797564
58 70 -0.2868497079317933
58 71 -0.1227182418610577
58 72 -0.5634472037665352
58 127 0.6414464806500859
58 128 -0.6543994404112716
59 45 0.3942820235620932
59 46 0.9701106974797956
59 47 -0.2957458314204546
59 48 0.1656656948609818
59 53 -0.094585216729911
59 54 0.3661045028670548
59 61 -0.3740228140671953
59 62 0.9190389354937032
59 63 0.9018370386705156
59 64 -0.7792783526788734
59 127 -0.7714218433597364
59 128 -0.1929219235298052
60 45 0.2384814605337282
60 46 0.2155539400536841
60 47 0.2845449962294932
60 48 -0.6642745687399652
60 53 -0.364980596272999
60 54 0.8989178133222404
60 59 -0.2065236862721768
60 61 0.6732040806922892
60 62 0.0885686526596414
60 63 0.8811203051796606
60 64 0.299052817675062
60 127 -0.7168068819495252
60 128 -0.2560901713482479
61 62 -0.4905400996887108
63 64 0.0545648654080133
65 61 0.3016376777711707
65 62 -0.0193095778936471
65 69 -0.985112719430286
65 70 0.7770099955353214
65 71 -0.2043144591788099
65 72 0.7102582887930895
65 135 0.4791894468459501
65 136 0.9253298044700216
66 61 0.0051425775346647
66 62 0.5565789065090487
66 65 -0.4433328982619902
66 69 0.4538330473269618
66 70 -0.4686128093815385
66 71 -0.6231535647750528
66 72 0.0453202020084553
66 135 0.0764338850251478
66 136 0.6060039394798691
67 61 -0.7388022263932055
67 62 0.3520194817670798
67 69 -0.2230179693078142
67 70 0.0844412747710707
67 71 -0.9466875165910644
67 72 0.494524621415312
67 125 0.4661856549065681
67 126 -0.2461906235957225
67 127 -0.7822797488420683
67 128 0.2862566084331941
67 135 -0.6851101062567126
67 136 0.0492476083632482
68 61 0.8750661431909896
68 62 -0.2009045597559768
68 67 0.7852137874383178
68 69 0.4283967813577882
68 70 0.0185641599284092
68 71 0.7931978047789583
68 72 0.4758572878826268
68 125 0.9691755253348724
68 126 -0.997889034845894
68 127 -0.8801792454606299
68 128 0.5324275274543291
68 135 -0.7728304691016845
68 136 -0.9431113699028948
69 70 -0.7501725600613653
71 72 -0.9335012307594164
73 1 0.7487346726575415
73 77 -0.4324908167401404
73 78 -0.2026292371905536
73 79 0.7241788240735991
73 80 0.2259388907123034
73 85 -0.3519269242404264
73 86 -0.9534989749064422
73 87 0.4999569929292164
73 88 0.6201405835382816
74 2 -0.0007483509722916
74 73 0.9980407361700324
74 77 0.9860941341389104
74 78 -0.0944164825294959
74 79 0.9326788919115524
74 80 -0.2832723376882939
74 85 0.3585792852848537
74 86 -0.2325653403306782
74 87 -0.0771841536351158
74 88 -0.5267532298596509
75 3 -0.0535799080680072
75 77 0.914777955350948
75 78 0.6227915808279074
75 79 0.096214002227829
75 80 0.3274976668177329
76 4 -0.2362775843930584
76 75 0.549383388437479
76 77 0.4787013744428139
76 78 -0.0263124702327657
76 79 0.9004865251362537
76 80 0.6409799410452479
77 78 -0.7656857486845932
77 101 0.3041268335425913
78 102 -0.2613255178829272
79 80 0.7767782901311204
79 103 0.5787128415077687
80 104 0.4518189774232102
81 9 0.3343687190783979
81 77 -0.2432754734114488
81 78 -0.6979694631720965
81 85 0.524183706182551
81 86 -0.5459235432382281
81 87 -0.3161393770066694
81 88 -0.5457727499224938
81 93 -0.2514593261870879
81 94 -0.7622655982915942
81 95 -0.1784475903035742
81 96 -0.977958891667795
81 151 0.04267680682565
81 152 0.5614175473363612
82 10 -0.5943854364710184
82 77 -0.8363538627045077
82 78 -0.1809272953250664
82 81 -0.7980526394831227
82 85 0.6867053023766403
82 86 0.5923106488761078
82 87 0.1877898615428188
82 88 0.4606490163691459
82 93 0.3538581630327346
82 94 -0.2474000409581993
82 95 -0.8860673723565493
82 96 0.5065963005350234
82 151 0.8727909725724099
82 152 0.0564702941296244
83 11 -0.2996143582423076
83 77 -0.704255468129688
83 78 -0.9527217682272116
83 85 0.1592840059728704
83 86 0.922710300420808
83 87 -0.4118504655844317
83 88 0.3603319326972343
83 151 0.3215431840540979
83 152 -0.7351280060545415
84 12 0.5598110850990548
84 77 0.8174520731526407
84 78 -0.4000805368393558
84 83 0.0544365617104547
84 85 -0.706521701390761
84 86 0.8264406216328934
84 87 -0.5134394151194726
84 88 0.6298872256370411
84 151 -0.6979103808603591
84 152 0.1367651711160753
85 86 0.3525866793562124
85 109 -0.4266694884323365
86 110 0.8318145341680327
87 88 0.7431110523449529
87 111 -0.1881457750760062
88 112 -0.167232731233792
89 17 0.7355169576447753
89 85 -0.5613869577665012
89 86 0.5027782833139522
89 93 0.4960794781560713
89 94 0.2286133472127252
89 95 -0.0535064839379995
89 96 -0.3493144414808868
89 159 0.2074862238185311
89 160 0.4093402965550068
90 18 -0.9845021179105692
90 85 0.6792789399174439
90 86 -0.3029573997378565
90 89 0.6556699369198642
90 93 -0.9530338698464812
90 94 -0.0024357514418642
90 95 0.1244272368789141
90 96 0.715284991934185
90 159 -0.1653504930864979
90 160 -0.2261910385175001
91 19 -0.938336795803927
91 85 -0.6258474442417112
91 86 0.5181909689601119
91 93 0.1321682241590649
91 94 -0.3075944707780833
91 95 -0.3673920714958454
91 96 -0.7850586014422718
91 149 0.2308825620134815
91 150 0.1053951113845708
91 151 -0.6856982971078607
91 152 -0.4020264138909144
91 159 0.2263054932819928
91 160 0.7703124056220441
92 20 0.4467990860710487
92 85 -0.8653043194723977
92 86 -0.9317872319325926
92 91 0.1171841492773368
92 93 -0.0775781831380679
92 94 -0.876634048367567
92 95 -0.5100063314138006
92 96 0.918562928448848
92 149 0.0607406665492453
92 150 -0.805358203754396
92 151 0.8438040949665278
92 152 -0.6672781461559831
92 159 -0.6854753561575038
92 160 0.79732585453297
93 94 0.7682185654934606
93 117 -0.6853727391180622
94 118 0.1323028797789893
95 96 0.5299203483734569
95 119 0.6453963425619444
96 120 0.002027217230659
97 25 0.4114638287752521
97 95 0.5953007087133968
97 96 -0.4229132819659551
97 101 0.1879661364969755
97 102 0.1044891119454431
97 103 0.3881748543362009
97 104 0.1235028921707883
97 109 -0.8921617809829694
97 110 -0.7806653880333019
97 111 0.9619473956381092
97 112 -0.067867879879278
98 26 0.2854872927266554
98 95 0.5902273417075652
98 96 -0.0184697987590907
98 97 0.7739854167492342
98 101 -0.3597992787663115
98 102 -0.4340437140128965
98 103 -0.1507317259528227
98 104 0.0326922014424639
98 109 -0.4979774631591829
98 110 0.3410649456066694
98 111 -0.8995916231452294
98 112 -0.9192871090018888
99 27 -0.5373490867649304
99 85 0.224923658829484
99 86 -0.9365256674686686
99 87 -0.0207016874747101
99 88 0.8681292365576816
99 95 0.3097698133933255
99 96 0.3593118056735933
99 101 0.6012191050681555
99 102 0.6689081255025342
99 103 -0.9884134266042576
99 104 0.7004697428059463
100 28 -0.905853009307804
100 85 -0.7178254318996566
100 86 -0.4491267334846771
100 87 0.3153682397003257
100 88 0.4548302289175869
100 95 0.936346675255137
100 96 0.6470369840117225
100 99 0.684659101590354
100 101 -0.4921807910178557
100 102 0.7330390735328363
100 103 0.3264235874206806
100 104 0.6105014950789729
101 102 -0.1818729703212844
101 125 -0.785507229902968
102 126 0.9521364829977628
103 104 -0.4628364256109436
103 127 -0.4481223498428548
104 128 0.4909115551834262
105 33 -0.8398811911146844
105 101 0.9045713974341644
105 102 0.5226674348330649
105 109 0.8650189728614757
105 110 0.869308835128402
105 111 -0.8979750486351397
105 112 -0.5700412102267187
105 117 -0.7947589742241636
105 118 -0.1057938851561415
105 119 0.1277056303651238
105 120 0.0929075719330903
105 175 -0.1526861718771353
105 176 -0.4101864181994132
106 34 -0.028995962080214
106 101 0.3063270613386173
106 102 -0.9341132022640576
106 105 0.7491029570093581
106 109 0.78611560389683
106 110 -0.4620027039467502
106 111 0.6344003445855355
106 112 -0.92093286798884
106 117 -0.4105405583079418
106 118 0.6454459069238676
106 119 -0.3421950051674909
106 120 -0.3578222740507468
106 175 0.865832992798554
106 176 0.592574939210013
107 35 0.1679466030194505
107 93 -0.9597860280501094
107 94 0.7832718764727944
107 95 -0.411729535480817
107 96 0.5534292699521606
107 101 0.3667855467615408
107 102 0.635012539714646
107 109 -0.3873897429009489
107 110 0.4638922789606119
107 111 -0.3995800653671031
107 112 0.9395013698073608
107 175 0.320779285439787
107 176 -0.2570920171904542
108 36 -0.7713857062112672
108 93 -0.5209921939819446
108 94 -0.4109258383625964
108 95 -0.3948018284491217
108 96 -0.0609279946851122
108 101 -0.7036812224023687
108 102 -0.1258325067109835
108 107 0.1854022617784205
108 109 0.5467362903336073
108 110 0.3916812532009277
108 111 -0.2282932092763421
108 112 -0.9989266754371132
108 175 -0.1321507618867781
108 176 -0.6658626739344369
109 110 -0.6256328079562616
109 133 0.874890658842403
110 134 0.725443497812565
111 112 -0.3181876235411207
111 135 -0.041263124450189
112 136 -0.3837477154329127
113 41 -0.190535519485395
113 109 0.1246597418965849
113 110 -0.0335002488617786
113 117 0.9833441474731376
113 118 -0.5506984630728629
113 119 0.7945465673863925
113 120 -0.930119355455662
113 183 -0.6451845471638225
113 184 0.5162924150156887
114 42 0.5503268226839775
114 109 0.4576722483782036
114 110 -0.291225033281379
114 113 0.3008899908023248
114 117 -0.4959565759351869
114 118 -0.957157840221843
114 119 -0.6827403874242977
114 120 -0.9178847677103203
114 183 0.1394127465013954
114 184 -0.378843097551383
115 43 -0.0414595119863152
115 109 -0.0292758591830721
115 110 -0.6295993416007264
115 117 -0.0832269064500241
115 118 -0.2210775087847016
115 119 0.6092000809914566
115 120 -0.801785206399579
115 173 -0.2129390465478347
115 174 -0.0977251901422584
115 175 -0.9867212937871002
115 176 0.5018159027414457
115 183 -0.9706640046333724
115 184 0.5969318647753947
116 44 -0.4207062567381976
116 109 0.5705459908666897
116 110 -0.0406062694854456
116 115 -0.2172613943922987
116 117 -0.5984420826753205
116 118 0.704362144972644
116 119 0.1914024989522771
116 120 -0.4938711874815906
116 173 -0.5588662322013258
116 174 -0.8357925505834105
116 175 -0.4376270647212692
116 176 -0.4723983012926274
116 183 -0.1553695871612916
116 184 0.7338888593783714
117 118 -0.6059711484846502
117 141 0.0971149456945867
118 142 -0.9433641512086652
119 120 0.8867877093357848
119 143 0.4291971153369842
120 144 -0.6682253454094973
121 49 0.3573136619261567
121 119 -0.4189208180324355
121 120 -0.3375600900847864
121 125 -0.790171851002313
121 126 0.4367290142158331
121 127 -0.3898337443890809
121 128 -0.1880690227631591
121 133 0.4880494109233606
121 134 0.3708486018443908
121 135 0.1919107521048977
121 136 0.8536358026153299
122 50 -0.1945485253877632
122 119 0.558793870462347
122 120 -0.1793216433372526
122 121 0.4392349629580445
122 125 0.3588439984220282
122 126 0.1860553828489424
122 127 0.0815409306597951
122 128 0.5896538611864615
122 133 -0.6188624281617336
122 134 -0.7794026140725114
122 135 -0.2928484856608466
122 136 0.2364238761685442
123 51 0.2764358941263285
123 109 0.3409655115124776
123 110 0.317656399021285
123 111 0.3516185893459789
123 112 0.923893185076947
123 119 0.4612487794588271
123 120 0.6636309732673997
123 125 0.8380109109630542
123 126 0.3119698307141592
123 127 -0.2532760923092794
123 128 -0.2644086629509339
124 52 0.3664337856669599
124 109 -0.6253923051299519
124 110 -0.5224481384052408
124 111 0.4437162586010088
124 112 -0.3256405078542801
124 119 -0.5123412291322171
124 120 -0.907775411753554
124 123 0.5762660667143402
124 125 -0.5151324890276672
124 126 -0.4318782476820835
124 127 0.4519817559827175
124 128 -0.0497503247947728
125 126 -0.5854880670377449
127 128 -0.7931361695359886
129 57 0.1221939543162704
129 125 0.6748735983008711
129 126 0.5841329836235887
129 133 0.5767801264954255
129 134 -0.339516749713185
129 135 -0.9156761207001888
129 136 -0.1518855023537348
129 141 -0.6337593530934296
129 142 -0.7968279529488169
129 143 -0.7607753392219692
129 144 0.8996690424822789
129 199 -0.0575925748152608
129 200 -0.5740791108345573
130 58 0.1112581512002963
130 125 -0.9776244980744908
130 126 0.1763621465281499
130 129 0.619765530364434
130 133 0.151670228515548
130 134 -0.349017357929964
130 135 -0.0671382495009906
130 136 -0.9861627057703244
130 141 0.6656697626372536
130 142 0.0445630528898866
130 143 -0.1622443972255407
130 144 -0.939113206730512
130 199 0.4970171498036908
130 200 -0.3517753041257534
131 59 0.2961075783825688
131 117 -0.2774486571609202
131 118 -0.7292875393351379
131 119 -0.0289877480659896
131 120 0.051497015819137
131 125 -0.6645321721887258
131 126 0.9446653196968916
131 133 0.1423534087723603
131 134 -0.4469228964613012
131 135 -0.4844478115132977
131 136 -0.353986432431091
131 199 0.4195787614225894
131 200 0.9431397490125644
132 60 0.2069364168127825
132 117 -0.1073556219649756
132 118 -0.5908815276119406
132 119 0.2917945673667106
132 120 0.2392297421211384
132 125 -0.7339295530835692
132 126 0.9020011641214888
132 131 -0.8671946619726991
132 133 -0.5572364083273911
132 134 0.7994812465214995
132 135 -0.7394664469815386
132 136 -0.4228860505293186
132 199 0.3467476872364121
132 200 -0.8859078981160022
133 134 0.1465747176227405
135 136 -0.3486532065194405
137 65 -0.7253392775453615
137 133 0.8851325478647043
137 134 0.3111232653226288
137 141 -0.7077357436691296
137 142 -0.244465871024871
137 143 0.2558128509192758
137 144 -0.3379499424869745
137 207 0.1764349619190068
137 208 -0.7732991690598388
138 66 -0.2842953541438917
138 133 0.863407686700032
138 134 -0.3960376597420787
138 137 -0.5047184587334861
138 141 0.3498119545714389
138 142 -0.1694157360085404
138 143 -0.44086988998925
138 144 0.8393494526827427
138 207 -0.970171243580166
138 208 0.64210399351459
139 67 -0.8820261318005549
139 133 0.0409495793646692
139 134 0.3604557302198041
139 141 -0.4430752978612049
139 142 0.6796667052118954
139 143 -0.915689349395479
139 144 0.0420150096903257
139 197 -0.4673398609065844
139 198 0.9563181972479036
139 199 -0.5581440931446819
139 200 0.4507029367162951
139 207 -0.682376040955843
139 208 -0.9703597840024618
140 68 -0.0669728441831187
140 133 0.4228090995610303
140 134 -0.6703731069381804
140 139 -0.4685232502814542
140 141 0.1519414200937503
140 142 -0.101430050587943
140 143 -0.7463450087302981
140 144 0.4862366511239469
140 197 0.0455661574229679
140 198 -0.9757111441724506
140 199 0.9543613893358168
140 200 0.3842911644055768
140 207 -0.4883746739664794
140 208 -0.5649090177896907
141 142 -0.9459629586085856
143 144 0.6219407159361261
145 73 0.0979861336761056
145 149 -0.7950229135148377
145 150 -0.8429592951829032
145 151 0.298331216337542
145 152 0.0929814794672478
145 157 -0.5643123834604378
145 158 -0.0188831323256113
145 159 -0.1167714238396502
145 160 0.969558001148731
146 74 -0.9676069204423254
146 145 0.5995163682259466
146 149 -0.0287328347893052
146 150 -0.9894175415485764
146 151 -0.1962851467852577
146 152 0.0503675242510093
146 157 -0.0070444290338231
146 158 0.3599912840207575
146 159 0.4609670484477517
146 160 0.1687373632550317
147 75 -0.1491850586405467
147 149 0.8116382921566181
147 150 0.2314714643021138
147 151 -0.3956562685052973
147 152 -0.9888196271103484
148 76 -0.5605116763046101
148 147 0.9681851916039016
148 149 -0.6094465163811498
148 150 -0.0082621438205123
148 151 0.9232968365284616
148 152 0.056223412463594
149 150 0.576371488371112
149 173 0.7245768810173179
150 174 -0.779247138306409
151 152 0.4329925614850383
151 175 -0.4008451083301185
152 176 0.4343154437852461
153 81 0.2386997236253589
153 149 -0.1704680721411746
153 150 -0.4710582095743869
153 157 -0.979993387557861
153 158 -0.6741325634883775
153 159 -0.4391197955197803
153 160 0.2428953227518981
153 165 -0.8543904303719179
153 166 0.3686265245798776
153 167 0.3556141002862347
153 168 -0.7725874405580986
154 82 0.3269988447477685
154 149 -0.5602713138787894
154 150 0.2969431684136807
154 153 -0.3555777435362162
154 157 0.7037150239841288
154 158 -0.5205814323326678
154 159 0.5602236781084884
154 160 -0.6912746666432859
154 165 0.5233293494564486
154 166 0.1996557137716079
154 167 -0.5839600748124525
154 168 0.6884189924252944
155 83 -0.68666966743244
155 149 0.7874515089212284
155 150 -0.4442765296582864
155 157 -0.9531611194309136
155 158 -0.4256343117018384
155 159 0.1878531793334705
155 160 0.2393006622099278
156 84 -0.0397765622772507
156 149 0.3795737889000175
156 150 0.2166117327378756
156 155 0.8128182839935403
156 157 -0.209844320082446
156 158 0.0620001378728074
156 159 0.1473705307286821
156 160 -0.7642947494194432
157 158 -0.7583727961538285
157 181 -0.4679997073721957
158 182 0.586378966726012
159 160 -0.7715101159598601
159 183 0.6683669565388903
160 184 0.1466050892503652
161 89 -0.8598690761540357
161 157 0.676771859894844
161 158 0.580562586816755
161 165 0.2402942769695184
161 166 -0.7459070767320264
161 167 -0.1686229931284726
161 168 0.4210866640730846
162 90 0.3123734123233106
162 157 0.3333875796227774
162 158 -0.3536824359234498
162 161 -0.1453719381419156
162 165 0.8024480540542147
162 166 -0.0827683885475136
162 167 -0.8518654912957164
162 168 -0.83856518067265
163 91 0.0612539648384564
163 157 0.5264587233680793
163 158 0.599711707448426
163 165 -0.4160436562860561
163 166 0.4943418834287618
163 167 0.2862213136806377
163 168 -0.2350251122729498
164 92 0.122484524777515
164 157 0.2512718130282296
164 158 -0.8874941556459306
164 163 0.8505655872181181
164 165 -0.9953964505404256
164 166 -0.2250516978822221
164 167 -0.5067020942779734
164 168 0.1005889465224756
165 166 -0.1660436516022496
165 189 -0.6396145665128801
166 190 0.0244636751896334
167 168 -0.3852019199467889
167 191 -0.0035153370695888
168 192 0.4746067029736716
169 97 -0.4362536457068162
169 167 0.3915113014228966
169 168 0.7470247340805896
169 173 0.9924600178416848
169 174 0.4876155128498471
169 175 -0.7881844724667586
169 176 -0.4709060826606963
169 181 0.6692020075055256
169 182 -0.8336699188872179
169 183 -0.7117219694036683
169 184 0.9896555903960402
170 98 -0.6292460508288693
170 167 0.9754676795696536
170 168 -0.6282513850625908
170 169 -0.4391877408165379
170 173 -0.8325442604860238
170 174 -0.0338602210410221
170 175 0.5248387327392714
170 176 -0.6791939945622321
170 181 -0.6166304492643986
170 182 -0.9032171595345356
170 183 0.1990347930888552
170 184 -0.4730227899089485
171 99 0.4800648017747646
171 157 0.6736865027662109
171 158 0.8383456029528615
171 159 0.5181957237657722
171 160 -0.7820389236473435
171 167 0.2068688274282155
171 168 -0.4999132249448974
171 173 0.5195302658216967
171 174 0.7125117331019095
171 175 0.5058822839585162
171 176 0.5833245947307355
172 100 0.8886385218823449
172 157 0.1485825919412373
172 158 0.9798071174419976
172 159 0.0356133578955681
172 160 -0.1067059539577615
172 167 0.1529892852885157
172 168 0.961826759580563
172 171 -0.0640537686854205
172 173 0.5505511776385521
172 174 -0.0213560531367704
172 175 -0.8197707412172293
172 176 -0.5432107184383592
173 174 0.2830292689928146
173 197 0.630843968123352
174 198 0.0933650026865637
175 176 0.8955894722255464
175 199 0.1312892682171111
176 200 -0.423317700763328
177 105 -0.8474564819986565
177 173 -0.0876757148738378
177 174 0.5575538675267031
177 181 -0.6091802229074841
177 182 0.6432173543815689
177 183 -0.2679336423792737
177 184 0.7361363918270791
177 189 -0.8448115813916162
177 190 -0.8923698755497707
177 191 0.5851133518311531
177 192 -0.802573175317957
178 106 0.001557681648709
178 173 0.6702922239839293
178 174 0.7010855709230317
178 177 -0.8899045866555406
178 181 0.0943787837706853
178 182 0.2780048588754291
178 183 -0.2329515524519108
178 184 0.2184312737545384
178 189 0.4239181942196115
178 190 0.542005060842776
178 191 -0.9413971821239968
178 192 0.5626628716497672
179 107 0.2320900755209587
179 165 0.8372219655203585
179 166 0.2711463771344962
179 167 0.800000858071233
179 168 -0.013927969161956
179 173 -0.1420374524429579
179 174 0.6756848576079659
179 181 0.937071833816818
179 182 -0.1336764071316321
179 183 -0.2617816155850432
179 184 -0.7332967995781037
180 108 -0.5020061527509456
180 165 -0.0591192881295339
180 166 -0.0462747481183205
180 167 0.790625697160485
180 168 -0.8334149216748656
180 173 -0.8746479850601205
180 174 0.7117021348740684
180 179 0.4394842117731494
180 181 0.484181093110487
180 182 0.2818029639070767
180 183 0.3950532278673107
180 184 -0.585315515380163
181 182 -0.1351424417671503
181 205 0.2633433071887185
182 206 0.1178304178594811
183 184 -0.7873499422034718
183 207 0.0329593453962822
184 208 0.4697760542049891
185 113 -0.8287471863684428
185 181 -0.3717242354669519
185 182 0.0603506436459919
185 189 0.6865554731564403
185 190 0.4208047850041652
185 191 -0.9765350917185772
185 192 -0.7900234329443787
186 114 -0.4726836517058483
186 181 -0.0378685860109364
186 182 -0.6152150213422154
186 185 0.064734940913772
186 189 -0.9050273849344376
186 190 -0.1280536176765319
186 191 0.0359868471157693
186 192 -0.8578647601466844
187 115 0.395515174666927
187 181 0.262774335968631
187 182 -0.9916805691089754
187 189 0.2855560087651208
187 190 0.6587771375972804
187 191 0.6022428447290424
187 192 0.9049907251469846
188 116 -0.8128028777143352
188 181 -0.4228827881457242
188 182 -0.3038354128731948
188 187 -0.9852817282809962
188 189 0.2710797667654097
188 190 0.5069309940892761
188 191 -0.5192799520288605
188 192 0.5872262064840501
189 190 -0.3462178664081123
189 213 0.0439238427976667
190 214 -0.5314286106728636
191 192 0.3271126614929831
191 215 -0.5696699509148808
192 216 -0.870680142202201
193 121 -0.3645425944800893
193 191 0.3390442261683684
193 192 0.5968642228032706
193 197 -0.9024192414992358
193 198 -0.5341555033619556
193 199 -0.9909187140205308
193 200 0.2636745035405787
193 205 -0.2611979264845396
193 206 0.3800179919716262
193 207 0.8653597151031833
193 208 0.4910645940796205
194 122 -0.8545398650420462
194 191 0.1585027693007377
194 192 0.3258948417075369
194 193 -0.9706683338700108
194 197 -0.948579509223818
194 198 -0.8380058869315974
194 199 0.4131493346772763
194 200 0.675354665182053
194 205 -0.4673991607258019
194 206 0.0168051367168053
194 207 0.3932174291076038
194 208 0.9167163663546952
195 123 0.7716185662860555
195 181 -0.0526201882761807
195 182 0.4442680509395569
195 183 0.5298938964596125
195 184 -0.5621532360153132
195 191 0.4218751925651913
195 192 -0.99526125957394
195 197 -0.7774812835287019
195 198 -0.2527095461909212
195 199 -0.443751453374053
195 200 -0.9309063135123028
196 124 0.2980537937389063
196 181 0.2406650402104302
196 182 -0.2178186411765186
196 183 -0.7610576486695733
196 184 -0.4951881941362748
196 191 -0.9061852709767602
196 192 -0.1866204820527506
196 195 0.2818356124842556
196 197 -0.3166882787577594
196 198 -0.3327447467625188
196 199 -0.4613729623436799
196 200 0.6225301579736553
197 198 -0.5622640070325684
199 200 0.199786339684548
201 129 -0.6961745158858725
201 197 -0.5202694197161042
201 198 0.8456419492570932
201 205 -0.5537272891078295
201 206 0.4701494042417089
201 207 0.6348107343271974
201 208 -0.3809284256825429
201 213 0.6277336417841524
201 214 0.3844842166778532
201 215 0.0600291351174262
201 216 -0.7469140376115666
202 130 -0.2824545979878654
202 197 0.0305328922541932
202 198 0.7130364196846632
202 201 0.3272346863043658
202 205 0.397322172406801
202 206 -0.8486673869143846
202 207 0.1653866771999914
202 208 -0.7811023268952879
202 213 0.3855048567186172
202 214 -0.8276531661970155
202 215 0.1171826048396309
202 216 -0.4363514744233618
203 131 0.3626901231927795
203 189 -0.0547759517014145
203 190 -0.7475287630562499
203 191 0.2485768830757571
203 192 0.5808008797625697
203 197 -0.6967129567540669
203 198 0.6813561247505964
203 205 -0.4757657726446447
203 206 -0.9494263940227816
203 207 0.9522873699965042
203 208 -0.1445589568240894
204 132 0.5292782780497414
204 189 -0.9296267747792916
204 190 0.3384555510917642
204 191 0.0458234515714084
204 192 -0.0917336629317735
204 197 0.2423508770928235
204 198 0.5980893596308938
204 203 -0.4044217704111237
204 205 -0.7943319404440723
204 206 -0.4695406586684107
204 207 -0.0469411911196868
204 208 0.8403978602113231
205 206 0.5092263887635851
207 208 -0.0831323721747572
209 137 0.4010568711035975
209 205 0.5361495832495733
209 206 -0.0115307157959492
209 213 0.4065303343900066
209 214 -0.4938247308691135
209 215 -0.6064049719519375
209 216 -0.650195845487356
210 138 -0.261697280750933
210 205 -0.164574380176907
210 206 0.9778144171035544
210 209 -0.265303436917911
210 213 0.8877194331062808
210 214 0.478904093534177
210 215 -0.537590597347106
210 216 0.0834882168767954
211 139 0.8897620644175259
211 205 0.5219463732307688
211 206 0.2604551808693576
211 213 -0.3327159427138273
211 214 0.8809194973970349
211 215 0.0127576812473368
211 216 0.8759034718345473
212 140 -0.7178738199542154
212 205 -0.5285174739494252
212 206 -0.9573530633815874
212 211 0.8611322904884666
212 213 0.9783255193741875
212 214 0.4021130122781877
212 215 0.4103115286934438
212 216 0.1517364557683591
213 214 0.3177500719297454
215 216 0.2630019750564802
