# 
1 1 3.128614710481642
2 2 1.833393699968364
3 3 -2.336891139282713
4 4 -0.3080339314363245
5 5 -1.4794265605687444
6 6 -1.610852402442629
7 7 2.6003111686061624
8 8 2.2868452856863586
9 9 -3.9674403043584014
10 10 3.503444908443877
11 11 2.282598384684869
12 12 -0.931124315442891
13 13 2.800576117360224
14 14 -0.6826781898246335
15 15 2.1429189593261224
16 16 -0.2100680214794001
17 17 -2.6268822574359314
18 18 1.337759370087209
19 19 1.0348511379866423
20 20 2.5652519077177534
21 21 1.5397230759076503
22 22 0.1561073186360895
23 23 -0.8726910808959936
24 24 1.5744097662198664
25 25 3.956766441959848
26 26 -2.3387480211533846
27 27 -2.6016772413778035
28 28 1.3557745634229956
29 29 -3.893158612218592
30 30 3.394626714733106
31 31 -2.936918353683925
32 32 2.320711891325248
33 33 2.4680152495802323
34 34 3.1330118652339056
35 35 2.902466214970456
36 36 -3.1811730560614224
37 37 2.443367203297842
38 38 1.539022056185984
39 39 0.7195430294476708
40 40 -1.7295372435903582
41 41 1.904479068421872
42 42 -1.2230717560534918
43 43 0.6894111552351205
44 44 -3.8222155532797455
45 45 -2.014346397274388
46 46 3.326625878087678
47 47 -0.0283414301913422
48 48 -2.8023913292138163
49 49 -3.3487249723797783
50 50 -1.823001838059064
51 51 1.6611347679813742
52 52 -2.5157765248714856
53 53 -2.5102254348147657
54 54 2.911392587903757
55 55 2.769490092146832
56 56 -0.0449976669247904
57 57 1.4585105538513368
58 58 -0.3168367403900003
59 59 0.1204084030482439
60 60 2.491312462020443
61 61 -1.7584108427831673
62 62 -3.923511795119448
63 63 2.3729163884452342
64 64 3.044847830049381
65 65 -2.1797374195691006
66 66 -0.1431783388834322
67 67 -2.292341376364104
68 68 -0.8220194519731399
69 69 -1.310015789184435
70 70 2.409589026111552
71 71 0.7290592055161902
72 72 -1.5620290966609025
73 73 3.934441203047416
74 74 3.3847717133785844
75 75 -2.96163111854442
76 76 -1.0948837418730708
77 77 -3.1037951315689805
78 78 -3.1681837005894096
79 79 1.5976582364541985
80 80 -0.6448662365166262
81 81 3.820608801613601
82 82 -3.5629562647219304
83 83 -0.7278747761525715
84 84 -0.775248273329102
85 85 -2.0144257627597
86 86 0.3802641084179878
87 87 2.3440203445592944
88 88 -1.7993571706086415
89 89 1.885993045384436
90 90 -2.6478849575534795
91 91 0.7638375341029962
92 92 1.4597098213666193
93 93 -3.50367892159058
94 94 2.75901710592667
95 95 1.4265463500035578
96 96 2.9105272263804034
97 97 -2.325488582213305
98 98 -3.8506242915226414
99 99 -3.543429937502176
100 100 0.3669077732646117
101 101 -2.207672457096064
102 102 -0.6253289706014931
103 103 0.890512488476169
104 104 -2.3160673748020084
105 105 0.430182539881569
106 106 -3.371191403823492
107 107 3.175858971177087
108 108 2.07189305372673
109 109 1.954736928469595
110 110 -2.0348420795103896
111 111 -3.918967920441692
112 112 -1.3768228359506915
113 113 2.157905132700168
114 114 3.4364583859398383
115 115 2.619239942341679
116 116 -2.9605959572334197
117 117 0.0282014125403797
118 118 3.229104144465251
119 119 -2.266785005160699
120 120 0.1026881246429542
121 121 -2.6528194635074254
122 122 0.4823864302816538
123 123 3.516049219493377
124 124 -1.1248039894889308
125 125 -1.7303537704977208
126 126 -3.983120897180492
127 127 3.106344937823759
128 128 -0.996092157134406
129 129 -1.4486615650253525
130 130 -1.7836889856739555
131 131 -1.744449353235917
132 132 -3.6482787214115593
133 133 2.042787708894953
134 134 -0.8777841740755417
135 135 1.4373570579217887
136 136 1.797891399729398
137 137 1.9863860335136716
138 138 1.4914030319481402
139 139 0.2854113939559912
140 140 -0.5283694784773392
141 141 -2.0610291635082385
142 142 -2.161672182298389
143 143 -0.8709766830583385
144 144 0.8924302632309296
145 145 -3.3960967280476835
146 146 -3.950480825509759
147 147 -0.455802354937437
148 148 0.1264149792354887
149 149 -3.569073841859895
150 150 0.6903979412785066
151 151 2.574810284026845
152 152 -3.2365780862274667
153 153 3.5865946872544034
154 154 1.235786762300254
155 155 1.4133806553487671
156 156 -0.3627894187860532
157 157 3.2360627881197725
158 158 2.547696211591515
159 159 -0.5799781024843558
160 160 1.6093924950245428
161 161 3.418800139541311
162 162 -2.5554687371774083
163 163 -1.487957606167198
164 164 1.674980007856102
165 165 0.9875486327865692
166 166 2.93112149661639
167 167 -0.5329281365766398
168 168 -1.1771378968826909
169 169 1.9249842550081795
170 170 -2.851578912061524
171 171 -3.573930937099389
172 172 -3.219771209644821
173 173 -0.6883193775715712
174 174 2.870486751015566
175 175 -1.875472766656232
176 176 1.1518034637774992
177 177 -1.121055827290597
178 178 -0.5340617447363956
179 179 2.985311638509668
180 180 -3.7398005559342247
181 181 0.3123492462447981
182 182 -1.2957329943519804
183 183 -2.868243565492163
184 184 -0.1951759704375497
185 185 -1.914175857392065
186 186 -2.1827906933140087
187 187 1.0928593416866417
188 188 -1.4212438593645145
189 189 3.5270319200350797
190 190 1.3041872596008046
191 191 3.130268821524485
192 192 -0.204316524575618
193 193 -0.6283238924142234
194 194 3.201986992222808
195 195 1.108181337704507
196 196 -0.529945448530369
197 197 1.97637355848226
198 198 -1.2803751733533115
199 199 2.5038002737958944
200 200 2.835772241587626
201 201 2.985489192515528
202 202 3.117958222188494
203 203 -3.2935452115989152
204 204 0.7161292006684326
205 205 -1.04513575973996
206 206 2.439245226556702
207 207 0.2783382561619802
208 208 3.6582135280015056
209 209 -1.952906205273564
210 210 -3.571675430318689
211 211 -1.9088780109582133
212 212 2.4715063587094184
213 213 1.4344092850368655
214 214 3.603389815916079
215 215 -0.1433856015852059
216 216 0.675765645926016
1 5 0.8558203708012635
1 6 -0.3492463779866657
1 7 -0.036565910847786
1 8 -0.3599376827965053
1 13 -0.7361286371659683
1 14 -0.3489951591691096
1 15 -0.7447341547756594
1 16 -0.4924816577101942
2 1 -0.1345927806069828
2 5 -0.1517693749454154
2 6 0.4491369321741325
2 7 -0.6016928432132043
2 8 -0.665638634187923
2 13 0.3808152199815213
2 14 -0.9861877778992
2 15 0.2860947731693033
2 16 0.7388989632310248
3 5 0.9750427139723356
3 6 -0.2318889346622135
3 7 0.5490549249960279
3 8 -0.8153593919546418
4 3 0.9113231785862534
4 5 0.3926691774147588
4 6 -0.9949482120587314
4 7 -0.4364382883369846
4 8 -0.2432503131189223
5 6 -0.01451430352397
5 29 0.7487419114250611
6 30 0.6866951849670357
7 8 0.2964052567742656
7 31 0.264235375558818
8 32 -0.9256357076749232
9 5 -0.0984645167521618
9 6 -0.3865210228895221
9 13 -0.9972361721226404
9 14 0.7286454950887513
9 15 0.5220030050046514
9 16 -0.5320010561459114
9 21 -0.688451961270367
9 22 0.3751578622254599
9 23 0.5647552206976534
9 24 0.7487647000436399
9 79 -0.2411857593246076
9 80 -0.9784648814526108
10 5 0.1693355526821542
10 6 0.4530406512269151
10 9 -0.830830281732498
10 13 0.0091370254350804
10 14 -0.7413873876245132
10 15 0.3491768754078024
10 16 0.5834867787274185
10 21 0.0409175898119038
10 22 0.3609136277697722
10 23 -0.8129282775891631
10 24 -0.7081874727099475
10 79 0.9396232227739614
10 80 -0.1407123978434101
11 5 0.7162485568909833
11 6 0.3566499938610001
11 13 -0.9661329535306612
11 14 0.5014787338470954
11 15 0.9541713633420416
11 16 -0.7577299312937802
11 79 0.120990605879907
11 80 0.5341825970332901
12 5 -0.2014505905806627
12 6 0.9247689809365114
12 11 -0.9184069180369724
12 13 0.0842513294652687
12 14 -0.870915282237329
12 15 -0.5416330091272121
12 16 -0.1736914466196848
12 79 -0.8958913046726429
12 80 0.6166466474290524
13 14 0.4305147718803321
13 37 0.6109443837884785
14 38 -0.5925724658303899
15 16 -0.2838701046243157
15 39 -0.8288901561055209
16 40 0.3099045952378845
17 13 -0.0003432205633699
17 14 0.3602605914019916
17 21 0.1980087725011865
17 22 -0.1206418129560704
17 23 -0.146553256063501
17 24 0.5282141732045882
17 87 -0.4333396727986998
17 88 0.9032323699450956
18 13 0.0489748103445482
18 14 0.478036383868843
18 17 -0.3989703680929719
18 21 0.864939688464619
18 22 -0.3545360477624322
18 23 0.3754387855001952
18 24 -0.9766577355518292
18 87 0.985279484592812
18 88 -0.7102750471675057
19 13 0.4114472778995592
19 14 -0.2825244098982395
19 21 0.8329409327097808
19 22 0.8490261521592124
19 23 0.3798671487731784
19 24 -0.2036717336888363
19 77 0.146900825210944
19 78 0.2726597436802591
19 79 0.427431596738955
19 80 -0.1743259491152893
19 87 0.3984720358233977
19 88 0.6314394823120306
20 13 -0.2176402165297457
20 14 0.1666446278190319
20 19 -0.5932796590261771
20 21 0.8273560492366141
20 22 0.428736788689779
20 23 -0.1294508860261498
20 24 0.829958717616061
20 77 -0.5442184773959251
20 78 -0.7065878901067975
20 79 -0.1565983916684115
20 80 -0.8018601941264709
20 87 0.4462292353094559
20 88 0.969027539775897
21 22 0.7686908469442508
21 45 -0.1739541574058347
22 46 0.2901986259103162
23 24 0.1456630718824993
23 47 0.9961393753403512
24 48 0.2720007192963145
25 23 0.401065490571775
25 24 0.915488990317652
25 29 0.5013939481298879
25 30 -0.0247083539975245
25 31 -0.2344725062780384
25 32 -0.8225222965247345
25 37 -0.3028247480333628
25 38 0.4983219182735419
25 39 -0.4718840815550129
25 40 -0.0767278892338114
26 23 0.8722862276011905
26 24 0.0390094284701763
26 25 0.7397263471585738
26 29 -0.6336290598027245
26 30 0.2259857761103263
26 31 0.6708835903110435
26 32 0.4020377012637957
26 37 0.3844362888560326
26 38 -0.2602678348906393
26 39 0.0238924083854035
26 40 -0.2692526642352255
27 13 -0.8053452391144791
27 14 -0.622968974523102
27 15 -0.4776598983896984
27 16 -0.6495881546379556
27 23 -0.4245827950550611
27 24 0.469758122155921
27 29 0.9862301202298768
27 30 -0.0275724487368222
27 31 0.0675712385892086
27 32 0.9309652734818774
28 13 0.0242024808739351
28 14 -0.4221289772621996
28 15 0.6016865987306781
28 16 0.8769174735144485
28 23 -0.7392677352340182
28 24 0.7251870708514021
28 27 -0.241667735613472
28 29 -0.988766279605173
28 30 0.676419434327451
28 31 0.1863915078918334
28 32 0.6745231733340691
29 30 -0.6280819312961547
29 53 -0.783610951270252
30 54 -0.9191677441407258
31 32 -0.64284923402784
31 55 0.9596197710440324
32 56 -0.6986566389873925
33 29 -0.3713261493381448
33 30 -0.2609920560002163
33 37 -0.5059630009268397
33 38 0.5381957237142898
33 39 0.1855840540042304
33 40 -0.6974031379831187
33 45 -0.2983337958360421
33 46 0.7362093171722657
33 47 -0.7536310609522732
33 48 -0.9502551656485516
33 103 0.864042365241454
33 104 0.7447043889665774
34 29 -0.5811378926516806
34 30 -0.8660011572606379
34 33 -0.4071008301613876
34 37 0.2814732550104122
34 38 -0.6211058958711564
34 39 0.537136484187259
34 40 -0.0153660353466127
34 45 0.0516696485404888
34 46 -0.587236147405994
34 47 0.0691101659785233
34 48 -0.4690230849069052
34 103 -0.3322798771092363
34 104 0.0531570624023529
35 21 -0.4372040225470979
35 22 0.797309924970262
35 23 0.4598151307559897
35 24 0.2996566143241597
35 29 0.6741551240017287
35 30 0.5500154444469314
35 37 0.4496174674026512
35 38 0.8415264670078764
35 39 -0.8554542169309285
35 40 0.6537498397580541
35 103 -0.1598900232623914
35 104 -0.7785943306730267
36 21 -0.0097200761892768
36 22 0.1725683332049783
36 23 0.0952791172764702
36 24 0.5789560228173132
36 29 0.0266433892238293
36 30 0.7848327525920884
36 35 0.0656912380026537
36 37 0.620702534181645
36 38 -0.0863025568144697
36 39 0.8989107424420164
36 40 0.8526178858487048
36 103 -0.3074629124995844
36 104 0.0884115339541395
37 38 0.984623063071578
37 61 0.6343412220723887
38 62 0.2581009834098642
39 40 -0.7696088951348878
39 63 0.9649923572890402
40 64 0.0106289331344451
41 37 0.2262501528252114
41 38 0.0871129444195353
41 45 -0.183784647712109
41 46 0.1613531035554594
41 47 -0.8827952559291377
41 48 0.7946509068858414
41 111 -0.9183831377383564
41 112 -0.4813248761775928
42 37 0.1345965933167863
42 38 0.9921376531363956
42 41 -0.3813435201544228
42 45 0.2154505619959714
42 46 0.3816817279318343
42 47 -0.3117237740721164
42 48 0.3232550859891911
42 111 0.4630964704143281
42 112 -0.4292776796826938
43 37 -0.4042722653396842
43 38 -0.8653464689114088
43 45 0.953613028577544
43 46 0.5784173427698818
43 47 -0.351806191520233
43 48 -0.8676511059192102
43 101 0.1748079563792828
43 102 -0.0394975048467372
43 103 0.287473584664635
43 104 -0.8327948370544862
43 111 0.8489151175494505
43 112 -0.8165623611167938
44 37 -0.8511314285916909
44 38 0.0968921618792242
44 43 -0.2807263517556493
44 45 -0.6217435438025256
44 46 0.4587535137878618
44 47 0.8970546139553226
44 48 -0.1593819843317416
44 101 -0.0122817214684798
44 102 -0.4902615900683107
44 103 -0.4981986971324288
44 104 -0.2028833156524172
44 111 -0.6222283191948317
44 112 -0.6206286095837603
45 46 0.3562554544138143
45 69 0.7935339858193022
46 70 0.139545132421714
47 48 0.7044057081868562
47 71 0.678481619418194
48 72 -0.039148096626568
49 47 0.2251146919607374
49 48 0.5687651500112103
49 53 0.8143908534850237
49 54 -0.9323676260483538
49 55 0.8007336487479426
49 56 -0.134643694981666
49 61 -0.5109642098114995
49 62 0.028895737892252
49 63 0.0539700881092626
49 64 0.6064034947819219
50 47 -0.5961762520666922
50 48 0.9391525472468988
50 49 -0.0595412818653071
50 53 -0.4730450054449768
50 54 0.1764844041497788
50 55 0.534877332846057
50 56 0.8576984184864322
50 61 -0.3196412035253695
50 62 -0.9620588849986972
50 63 0.8104315772253923
50 64 0.2689821936210299
51 37 -0.7899457796926219
51 38 0.4725414056317283
51 39 -0.3451368795975287
51 40 -0.8100108926127001
51 47 0.2954303129213433
51 48 0.4774418201172634
51 53 -0.009793694450872
51 54 -0.519921677732412
51 55 0.6902766279698489
51 56 0.5277222116758917
52 37 -0.0867775405753219
52 38 -0.1727416549344032
52 39 -0.8408316463941472
52 40 0.3388170165626829
52 47 -0.2952385838612164
52 48 -0.342268271504494
52 51 0.3559536447741525
52 53 -0.1399486575807393
52 54 -0.4426693927650502
52 55 -0.8967775042466943
52 56 0.838926733419511
53 54 0.5944792464440873
55 56 -0.4008794463597001
57 53 0.8025051076105583
57 54 -0.8944399325974395
57 61 -0.2223341297066601
57 62 -0.3779445048051955
57 63 0.9793345624196976
57 64 -0.6379562533468204
57 69 -0.9252870509573944
57 70 0.4717511466229185
57 71 0.2281148041695471
57 72 0.5441507286881739
57 127 0.8739391705313315
57 128 0.9564124334161346
58 53 0.2786313128431454
58 54 -0.4615466262668661
58 57 -0.2161622143704935
58 61 0.0669842146844723
58 62 -0.2235624340275448
58 63 0.8149287029230823
58 64 0.9547643911956852
58 69 0.8375552656014744
58 70 0.2284109320205452
58 71 0.846526434891107
58 72 0.2060799388202954
58 127 0.4214032654004134
58 128 -0.8613954524880216
59 45 -0.8891760118295948
59 46 -0.7302159378292603
59 47 -0.1175710655160706
59 48 -0.237866314619618
59 53 -0.9479943706613878
59 54 0.4491475881805951
59 61 -0.6119693090916107
59 62 0.4280249454209777
59 63 -0.3307800659191813
59 64 0.423549868520986
59 127 -0.153258441863908
59 128 0.8398489658854005
60 45 -0.8041296204173198
60 46 0.6663562756817216
60 47 0.6864135100113997
60 48 -0.2990181337886448
60 53 -0.387773252661554
60 54 0.7557076268234528
60 59 -0.878323972577649
60 61 0.5023050249246599
60 62 -0.9280271983347264
60 63 0.9360135782732916
60 64 0.5035878581633879
60 127 -0.1231279909608764
60 128 -0.3178766685902652
61 62 -0.3892258081198028
63 64 -0.0430944093523339
65 61 -0.1251520317824297
65 62 0.3289796362331831
65 69 0.9405025484186236
65 70 0.6123378885479147
65 71 -0.3305051461901269
65 72 -0.6077736233329447
65 135 0.8976412005927004
65 136 0.3961351831866568
66 61 0.628312657046523
66 62 -0.0634537464535816
66 65 -0.3184795184021958
66 69 0.2896790837842291
66 70 0.2213692082700078
66 71 -0.2922393159913667
66 72 0.3790987645686021
66 135 0.3100139392996195
66 136 -0.8043471867434555
67 61 0.8951575889134789
67 62 0.7216724197467776
67 69 -0.1579395284392593
67 70 -0.3722785970907862
67 71 -0.4719241506464198
67 72 0.573737092973915
67 125 0.7978557648840148
67 126 -0.273155904191215
67 127 -0.1082854070015526
67 128 -0.1610164993827452
67 135 -0.3291303529422289
67 136 -0.4192963924509132
68 61 -0.1016963719279295
68 62 -0.7040693366095581
68 67 0.4591817171346806
68 69 -0.1217861976830303
68 70 -0.6620396368051615
68 71 -0.646656211597759
68 72 -0.7609704606195185
68 125 -0.9276454350756212
68 126 -0.5559117967592677
68 127 -0.6954469323720749
68 128 0.3708087553761399
68 135 0.3971121209253812
68 136 0.7542523512462544
69 70 0.418274350338726
71 72 0.6437395655220033
73 1 -0.592419669059705
73 77 -0.7439700257830368
73 78 0.7432939509045131
73 79 -0.5861044470339043
73 80 0.828170214999215
73 85 -0.5969395083470646
73 86 -0.258258194268175
73 87 0.8764840796840891
73 88 -0.3703384520349539
74 2 0.4461903601784702
74 73 -0.7997857393250272
74 77 -0.3089268053437721
74 78 -0.6494390461514516
74 79 -0.0330672768896878
74 80 -0.7812727265287518
74 85 -0.5361444794813137
74 86 0.6315441512273117
74 87 -0.4471859759397056
74 88 -0.0369849144066749
75 3 0.8097390897444636
75 77 -0.7987788341798319
75 78 -0.6800280937974397
75 79 -0.0877173788060776
75 80 0.4688274190216457
76 4 -0.7854706601223782
76 75 0.8012802553624283
76 77 -0.2267500755558393
76 78 -0.7308745386510023
76 79 -0.6391723783217091
76 80 0.7162215305136719
77 78 -0.0252392707179816
77 101 0.9042508397394882
78 102 -0.9646519155923424
79 80 -0.0904536191714449
79 103 0.883511222567229
80 104 0.5501307879511965
81 9 0.8161899894586373
81 77 0.8322555449907878
81 78 -0.288111254016359
81 85 -0.2783110372502306
81 86 0.5681421667419204
81 87 -0.4657978229513841
81 88 0.7676546518389247
81 93 0.7735332439457769
81 94 0.7091197297798875
81 95 -0.0446498196536813
81 96 0.9630739121748924
81 151 0.9476394094849724
81 152 0.6913756526694199
82 10 -0.8479629173221839
82 77 0.3105340366218851
82 78 -0.4373721487942132
82 81 -0.7103766399660221
82 85 0.498905462057863
82 86 0.7409293063236704
82 87 -0.1023128761787028
82 88 -0.3931771350451702
82 93 -0.5437323899156499
82 94 -0.2001540141008584
82 95 0.1647736840561544
82 96 0.6210247978637571
82 151 0.4933726726675445
82 152 0.3440647707323365
83 11 0.454117968769691
83 77 -0.9623399408165472
83 78 0.965712333226153
83 85 0.0228669698054349
83 86 -0.283182822009778
83 87 0.5479445571884554
83 88 -0.4455735436762402
83 151 -0.7911749144908333
83 152 0.6421428146818189
84 12 -0.9337803104319972
84 77 0.5105358171293854
84 78 0.4747567597185584
84 83 -0.2112754788715813
84 85 0.2951314434512215
84 86 0.3333858863528747
84 87 -0.9369091535987562
84 88 0.859079998930776
84 151 -0.2432795262642189
84 152 0.1861907786534005
85 86 -0.7943801589758113
85 109 0.4075415530934461
86 110 -0.4215849451580464
87 88 -0.4320933765099799
87 111 -0.6125416591324293
88 112 0.5119469649802422
89 17 -0.3505402568234055
89 85 0.1306698868270084
89 86 -0.3976378228797546
89 93 0.5484799276185024
89 94 0.5300632213031229
89 95 -0.1472849773822671
89 96 -0.7845692930135082
89 159 0.710309416850609
89 160 -0.6997993913401168
90 18 -0.6564122194386144
90 85 0.2154662189300753
90 86 -0.1412554995870529
90 89 -0.641077050263775
90 93 -0.3896186210224686
90 94 0.2451056434729239
90 95 -0.021681583594064
90 96 0.7899039356385049
90 159 0.6504076578508948
90 160 -0.7691987957274227
91 19 -0.4898314221182307
91 85 -0.5653395209932972
91 86 0.950130507157274
91 93 -0.2021726169952991
91 94 0.8868216508232609
91 95 -0.2224981115712621
91 96 -0.6378563306101617
91 149 0.5058665933174267
91 150 -0.5440993052893959
91 151 -0.308861211478316
91 152 0.3657933810088827
91 159 -0.2728773305696736
91 160 0.7066307503553204
92 20 -0.0954932853717984
92 85 -0.5744158748346939
92 86 0.9449204302049874
92 91 0.921177484917945
92 93 -0.0841326444388641
92 94 -0.1124970318509095
92 95 -0.5256220836928975
92 96 -0.1467531544663143
92 149 0.9535805542464773
92 150 -0.7801396782463816
92 151 0.8612934890939541
92 152 -0.4364683194165761
92 159 -0.6587433675725722
92 160 0.7000275084169931
93 94 -0.8367549274827835
93 117 0.6027715211501097
94 118 -0.3081768231728881
95 96 0.6330307669246737
95 119 -0.5124189975939832
96 120 -0.8266404428066656
97 25 0.2259022293271106
97 95 -0.4840825267818158
97 96 0.14130628232522
97 101 -0.0302852279456227
97 102 -0.7875506372033434
97 103 0.4466614404062352
97 104 0.7412577690891682
97 109 -0.5023845171496044
97 110 -0.0281873060819077
97 111 0.5068128903972529
97 112 -0.3452668924116555
98 26 -0.0313754009075195
98 95 -0.9456004584436992
98 96 0.943937511877654
98 97 -0.7096761625036319
98 101 -0.8325530504840788
98 102 -0.0269292296887533
98 103 0.0769376721071293
98 104 -0.2139615283367291
98 109 0.195958284435991
98 110 -0.2387037151994444
98 111 0.0403314170805217
98 112 -0.9814200930461968
99 27 -0.9224789063796266
99 85 -0.4448626117779473
99 86 -0.5947242382196629
99 87 0.561101013625255
99 88 -0.3107313436965757
99 95 -0.2493985553011599
99 96 0.9939368315629472
99 101 -0.405417169970047
99 102 0.2301941272651042
99 103 -0.0002895838113856
99 104 0.1722554768311459
100 28 -0.0612651570770219
100 85 0.8839832204296729
100 86 0.0483791063215692
100 87 0.8222181689876296
100 88 -0.8071577786933153
100 95 0.1445035345781504
100 96 0.8784118779244279
100 99 -0.7940063547038225
100 101 -0.7011575930432681
100 102 0.6349215349351727
100 103 0.129284598140164
100 104 -0.6010259913183091
101 102 -0.4357989039615642
101 125 0.819875978596367
102 126 -0.4168715278329986
103 104 0.8499615139549346
103 127 0.7075379334391236
104 128 0.8275442073410524
105 33 -0.6883733296696544
105 101 0.7628601425122705
105 102 -0.1465038236821525
105 109 -0.7466457606685875
105 110 -0.175146736238503
105 111 -0.107330428281088
105 112 -0.1289145950618575
105 117 -0.3786274094711612
105 118 0.3373120586072353
105 119 0.3984715453899967
105 120 0.8019169687224212
105 175 -0.6526734142882633
105 176 -0.6335991208571439
106 34 -0.8886421542212615
106 101 -0.265335331642919
106 102 0.4822609400953486
106 105 -0.0940652204107679
106 109 -0.1855167517015172
106 110 -0.721096890251802
106 111 0.393114795143402
106 112 0.3104949008088855
106 117 0.3357073556484733
106 118 0.9589562117394086
106 119 0.9631839049030166
106 120 0.4486423483443602
106 175 0.2749814755936974
106 176 -0.0392384781213432
107 35 0.8743865779339446
107 93 0.1580750403669735
107 94 0.9658604710022056
107 95 0.8115649056063468
107 96 0.1607017050997976
107 101 0.5968593283865524
107 102 -0.2262637266629434
107 109 -0.7637464387855004
107 110 -0.0765375814077624
107 111 -0.36573278558538
107 112 -0.8237174464459178
107 175 0.225769933372971
107 176 -0.5917890865740008
108 36 0.5318986535215382
108 93 0.7000480981294854
108 94 -0.4459508162217416
108 95 -0.3456625711116992
108 96 -0.8405666897454482
108 101 0.2607601546455151
108 102 0.3892363777379299
108 107 -0.8058180406504951
108 109 0.110469252456838
108 110 -0.6858353561803943
108 111 -0.209948402131481
108 112 -0.8713856316637836
108 175 0.5893881554681482
108 176 0.6737346687306647
109 110 0.3945159388603385
109 133 0.0186231615379293
110 134 0.3939822214039177
111 112 0.025686854382618
111 135 0.3580413195640961
112 136 -0.3204832036501663
113 41 -0.5718420068640584
113 109 0.6594926002942525
113 110 0.5840143364652826
113 117 -0.821589878703386
113 118 0.3998360820466615
113 119 -0.3059956979864306
113 120 -0.6591905806893583
113 183 -0.2586268846004191
113 184 0.2805633220721129
114 42 -0.8705432808382658
114 109 -0.9176152689748862
114 110 -0.0743827565888837
114 113 -0.9536065070741796
114 117 -0.4446310396408481
114 118 0.7502443325566974
114 119 -0.2590181430127241
114 120 0.3171129915367561
114 183 -0.9315016927874568
114 184 -0.8585036665588506
115 43 -0.1030734108870277
115 109 -0.5694678513213278
115 110 0.7558560211224661
115 117 -0.4316124085144079
115 118 0.0928890930815182
115 119 0.6058139077803506
115 120 0.1939076415768867
115 173 -0.3030103856353165
115 174 -0.1946194158212733
115 175 0.4999702738963933
115 176 -0.1455928834354389
115 183 0.2327677586192156
115 184 -0.6970758374803616
116 44 -0.7391432956413861
116 109 0.3184745201172494
116 110 0.785660373715229
116 115 -0.7002666297377884
116 117 -0.0025862636447455
116 118 -0.5321122748651685
116 119 0.7511282816342313
116 120 0.8106082365119125
116 173 -0.4766174776713217
116 174 0.1216210127386618
116 175 -0.4355989877391073
116 176 -0.969902540277765
116 183 0.4694736995388802
116 184 -0.2364226043874351
117 118 -0.3515850800576121
117 141 0.3381485236646024
118 142 -0.9267843855423046
119 120 0.2063044612301623
119 143 0.6846026748105525
120 144 0.4289681292886542
121 49 -0.0235982277775785
121 119 0.5635207139309988
121 120 -0.2775366843104072
121 125 0.3004204179652985
121 126 -0.3372294117045822
121 127 0.9029264798632676
121 128 -0.3715633250411585
121 133 0.2411986794474425
121 134 -0.0395246551694363
121 135 0.9556799241268908
121 136 -0.7344760690092509
122 50 0.6363432190033436
122 119 -0.4431493601087375
122 120 -0.2238043332269603
122 121 0.3855660614466858
122 125 0.8995794759098703
122 126 0.5072263477099337
122 127 0.8341602551943983
122 128 -0.1421543310788522
122 133 -0.2180544662696184
122 134 0.0746478117539346
122 135 -0.6675720598180701
122 136 -0.595832550794982
123 51 -0.4566566224160195
123 109 -0.4009523443034473
123 110 -0.1114358876744112
123 111 0.9179241842439244
123 112 0.7210404116950158
123 119 -0.9294285324270276
123 120 0.8908189130213395
123 125 0.4972400818333959
123 126 0.4526556296737729
123 127 -0.7570931267337335
123 128 -0.5330381298092919
124 52 -0.6968846524397418
124 109 -0.5049705741458403
124 110 -0.7332447561209112
124 111 -0.5374486212268383
124 112 -0.5265947446913222
124 119 0.5432167682780964
124 120 0.4754626192149478
124 123 0.7679425329440315
124 125 0.7643774190640524
124 126 0.8624200169074545
124 127 -0.2618055656950631
124 128 0.7792765425062789
125 126 0.5097580480229862
127 128 0.3021980857549347
129 57 -0.8742820035163985
129 125 0.345394053180728
129 126 -0.6399357076980405
129 133 0.3101865398905039
129 134 0.7578612337910853
129 135 0.6352579415017312
129 136 -0.7569968007516241
129 141 -0.1866555161895189
129 142 0.6398043602282217
129 143 -0.3587433757095288
129 144 -0.504596237893298
129 199 0.3701614071958572
129 200 0.3826785876456131
130 58 -0.6890731675443071
130 125 0.7316835007237628
130 126 -0.1248052263833916
130 129 -0.0506050693346689
130 133 -0.1272522516245464
130 134 -0.3964264069753735
130 135 -0.8332919252954478
130 136 0.3342070158197137
130 141 0.6863597390624652
130 142 0.7311489109833873
130 143 0.5194809109596121
130 144 -0.6271242622264739
130 199 0.4217976281421081
130 200 -0.837002896590427
131 59 0.7195588004286071
131 117 -0.7327269534123291
131 118 -0.0587727183488526
131 119 -0.8528910309745683
131 120 0.4193286421809368
131 125 0.7966120863403572
131 126 -0.4663820581807756
131 133 0.545636632008359
131 134 0.5684990846407902
131 135 0.9274626106589264
131 136 -0.1014892839294181
131 199 -0.9215915853655776
131 200 -0.9907538929840208
132 60 -0.7026422488205362
132 117 -0.7859600084837486
132 118 -0.8580433655696527
132 119 -0.2292483344056368
132 120 0.3921902359487919
132 125 0.4847903019413331
132 126 0.6479302556446909
132 131 -0.4132130795154867
132 133 -0.5353749456399644
132 134 0.2422483399587554
132 135 -0.4427086529133421
132 136 0.7739985828770923
132 199 -0.3816481629858903
132 200 -0.130488346376671
133 134 -0.7709623387006481
135 136 0.6098141593986164
137 65 -0.4227715951659012
137 133 0.2446618168456289
137 134 -0.0021432443263678
137 141 0.5607077556723208
137 142 -0.2345808207476301
137 143 0.1043565097481746
137 144 0.169519470756265
137 207 0.6925380088449946
137 208 -0.607876997606734
138 66 0.0873657673808612
138 133 0.362719393136405
138 134 0.488003395496311
138 137 0.6016326162502839
138 141 -0.0380797696271464
138 142 -0.6029074212961474
138 143 0.7617760774176561
138 144 -0.023846164175181
138 207 0.4223154147995871
138 208 -0.1981658685157754
139 67 -0.3508722870827123
139 133 0.4068068691034825
139 134 -0.341479537955512
139 141 0.2503126867653933
139 142 -0.3573928210728192
139 143 -0.108076171631851
139 144 0.976493897398633
139 197 -0.3596321759092069
139 198 0.7122372099482241
139 199 -0.9986379414292128
139 200 -0.566375638273303
139 207 -0.4546738025006747
139 208 -0.890041180059951
140 68 0.3203144178886863
140 133 -0.2783542229118576
140 134 -0.2007775376733809
140 139 0.2723689645617735
140 141 -0.9746156435012396
140 142 -0.209179494531694
140 143 -0.2656184031723441
140 144 -0.5358140700576695
140 197 0.3486991705292521
140 198 0.3776236266079968
140 199 0.0134818829103053
140 200 0.3290573647124897
140 207 0.1446495692485232
140 208 0.7043369850710408
141 142 0.3788090153684302
143 144 -0.6007421632202496
145 73 0.6089038417570947
145 149 0.4331451409653788
145 150 0.3461447247457689
145 151 0.7103745030585751
145 152 0.0632493043491024
145 157 -0.0527566333731808
145 158 -0.7121600474869421
145 159 -0.4262174314488205
145 160 0.9947829718914454
146 74 0.4649701514941462
146 145 0.4133650106253863
146 149 0.1128806289880115
146 150 0.9384761171311148
146 151 -0.6593920676761882
146 152 0.005617312723444
146 157 -0.1300624114633806
146 158 0.9932414698419184
146 159 0.0746427652316306
146 160 -0.0137913330874326
147 75 -0.6244972387044239
147 149 -0.4863858279803605
147 150 0.9143085215819178
147 151 -0.3687393425355647
147 152 -0.7096649810063345
148 76 -0.5464605521426293
148 147 -0.5958736539409206
148 149 -0.1580874017195368
148 150 0.4717882932403716
148 151 0.5590542868704387
148 152 -0.0026700046155538
149 150 0.2067385246160584
149 173 0.2816438792238735
150 174 0.94723531725335
151 152 -0.1977244154155304
151 175 -0.1109561173958204
152 176 0.0637054317017487
153 81 -0.8599843731771208
153 149 0.1365513511932383
153 150 0.8153858534680698
153 157 -0.0833561775437614
153 158 0.3086394246392634
153 159 -0.1938703898160765
153 160 0.905366211174583
153 165 0.0932391337444631
153 166 0.0516473015147329
153 167 -0.4670504118296281
153 168 0.6879568714725399
154 82 -0.1752096168328805
154 149 0.0447833555179515
154 150 -0.1265344011123272
154 153 0.7375334960029496
154 157 -0.1938709066063548
154 158 0.2093837978051609
154 159 0.9402822259190052
154 160 0.0284384671560939
154 165 -0.332802496076884
154 166 0.6294872308209223
154 167 0.726508925071907
154 168 -0.1849113410361105
155 83 -0.920446532565999
155 149 -0.2827078251638848
155 150 -0.8192404438655285
155 157 -0.6745739720797868
155 158 -0.9223356116437912
155 159 0.0569719321394899
155 160 -0.4707260600655476
156 84 0.3017145118847624
156 149 -0.1602415359399105
156 150 -0.0522769981284918
156 155 0.3969027787530561
156 157 0.99501233607584
156 158 0.5233003436284547
156 159 -0.0334583424210515
156 160 -0.8484486673570752
157 158 0.9281641411184178
157 181 0.4431877895394522
158 182 0.1191495073929831
159 160 0.9027807468802972
159 183 -0.1280871744943672
160 184 0.4479558441728484
161 89 -0.3380724429280084
161 157 0.3009340400283629
161 158 -0.9819604680930698
161 165 -0.3610246393552241
161 166 0.6901760604308373
161 167 0.9037760473454036
161 168 0.6399782836565102
162 90 0.8793963236236597
162 157 -0.7534732387990062
162 158 0.8045348914203185
162 161 -0.439741509792819
162 165 -0.0750169408091865
162 166 0.9376996686066466
162 167 -0.265814994496852
162 168 0.65954825232529
163 91 0.588207583868724
163 157 0.9813905488940022
163 158 -0.1157123445508301
163 165 0.7043709743868862
163 166 0.2234698668050838
163 167 0.4723959021988921
163 168 0.524285919358159
164 92 -0.0871410396207474
164 157 0.998257656387172
164 158 -0.5431944624471257
164 163 -0.8202433716700934
164 165 0.6168194970917973
164 166 -0.5849711666331265
164 167 -0.9931526398377764
164 168 0.286486215146017
165 166 0.4072444685789846
165 189 0.5476557971174252
166 190 0.6032056617313051
167 168 0.0814884593663871
167 191 -0.94417915533274
168 192 0.2835804165438629
169 97 -0.8013733145879502
169 167 0.0255894668158276
169 168 -0.1524382371171269
169 173 0.3070303122281255
169 174 0.5031385252124583
169 175 -0.9666959223651626
169 176 -0.4259627967941566
169 181 -0.2159552664495669
169 182 0.0406619368678544
169 183 0.1614246823301233
169 184 0.0003643656615381
170 98 0.3858479001905548
170 167 0.0241576223512516
170 168 -0.6805748276745043
170 169 -0.6998167230140286
170 173 0.5639896312336328
170 174 0.4841873895683963
170 175 -0.1944058713316088
170 176 0.2376083286516528
170 181 -0.8091998712733135
170 182 0.5416457368782202
170 183 0.9782166893272296
170 184 -0.4054364514418325
171 99 0.2033969342747705
171 157 0.8150491756098568
171 158 0.5665392844859987
171 159 -0.4046617001335832
171 160 0.1439928339216545
171 167 0.9002721404580354
171 168 -0.2946259019488297
171 173 0.2180670441991474
171 174 0.2922617397488196
171 175 -0.9313217664116564
171 176 -0.1318486674355832
172 100 -0.641295571297023
172 157 -0.625846965159095
172 158 -0.7326188041913682
172 159 -0.3018923648313332
172 160 0.4542223942983909
172 167 -0.6724132214535099
172 168 0.2347687254938966
172 171 0.1772030205406094
172 173 0.8952300022866222
172 174 0.5018017773671171
172 175 0.1885008479252374
172 176 0.3582365535050575
173 174 0.3257585805764618
173 197 -0.5507272801535512
174 198 -0.0936982552031373
175 176 -0.5819780388312241
175 199 -0.7872260619230498
176 200 -0.8616249832575311
177 105 -0.434962467228845
177 173 -0.5989212011771157
177 174 -0.1234745967236909
177 181 0.1698441822125214
177 182 0.899753559363067
177 183 -0.0245934873531572
177 184 -0.7155828003762166
177 189 0.5554311742812454
177 190 -0.7244431398273812
177 191 -0.2332795550069528
177 192 -0.5908259330283259
178 106 0.9861778465599472
178 173 0.8601642055215415
178 174 -0.1853938113108753
178 177 -0.0149420921570335
178 181 0.4966085226099275
178 182 -0.1836907552570417
178 183 -0.3804337263872959
178 184 -0.041975368729767
178 189 -0.2195660914432784
178 190 -0.1979131051549143
178 191 0.6922926270029219
178 192 -0.5887700518721681
179 107 0.6519175197232925
179 165 0.608117373607503
179 166 0.947012312890856
179 167 0.4258209003780233
179 168 0.88649990886977
179 173 -0.8812542946443354
179 174 -0.3601545562822348
179 181 -0.611965569358552
179 182 0.2625103612081971
179 183 -0.93795843620404
179 184 -0.2117040352895585
180 108 -0.8863461223465501
180 165 -0.3830009745219718
180 166 0.0163145022546202
180 167 -0.7454574705285435
180 168 -0.5275878719898996
180 173 0.4614873686293883
180 174 0.2612050792558311
180 179 -0.1658840522200435
180 181 -0.0827911398819336
180 182 -0.8283838286158267
180 183 -0.6277859580295475
180 184 0.217637423276148
181 182 -0.69750924535389
181 205 -0.3919082665324069
182 206 0.1013720274520435
183 184 0.4127530332063094
183 207 0.8808938202758276
184 208 0.8213039318578381
185 113 -0.9973486490379296
185 181 0.073982587788935
185 182 0.1766699380448049
185 189 -0.199946135441513
185 190 -0.5525989074752413
185 191 -0.0052554222849505
185 192 -0.0822115692313196
186 114 0.7881056165119198
186 181 0.8646582347584488
186 182 0.0646124638653813
186 185 -0.6406905092891924
186 189 0.4187243284240485
186 190 -0.283470366224837
186 191 -0.8524825287089923
186 192 -0.5077222763248004
187 115 0.1968250107652986
187 181 0.4547581765204647
187 182 0.8491248963373776
187 189 0.7599310112553967
187 190 0.8576682152515878
187 191 -0.816161777133001
187 192 -0.0042745639244055
188 116 -0.2031424330787452
188 181 -0.7270995779433553
188 182 0.3957434019552623
188 187 0.7158308021317012
188 189 0.2847506540631128
188 190 -0.6521185282570339
188 191 -0.4615855511835163
188 192 -0.6708125889875343
189 190 0.44117734675631
189 213 0.0009383811028922
190 214 -0.2562781482291121
191 192 -0.8816038580156289
191 215 -0.8084811170139883
192 216 0.9005099909213132
193 121 -0.6045493919198694
193 191 0.6036986435109124
193 192 -0.4891077164177357
193 197 -0.805343919002683
193 198 -0.6243125836643824
193 199 -0.3394256083566729
193 200 -0.1128167979710956
193 205 -0.8215393527514441
193 206 -0.4711646167199095
193 207 -0.0823330598183902
193 208 -0.3801031147405271
194 122 -0.1275880076052835
194 191 -0.2471196582219685
194 192 -0.0931549744520201
194 193 -0.5703569806719122
194 197 0.0615347976469289
194 198 -0.3489415594833258
194 199 0.2457045807719238
194 200 -0.180541216824615
194 205 0.6721309856583157
194 206 0.4118116233089428
194 207 0.6608191423377023
194 208 0.7621100788072559
195 123 0.9537091878462128
195 181 -0.0543150900537792
195 182 0.0191134859336983
195 183 0.812366747559722
195 184 -0.4684413734567798
195 191 0.7165273336131301
195 192 -0.1864361944800354
195 197 0.1908634554267583
195 198 -0.8279440669769373
195 199 0.6689589261933553
195 200 0.5845806168329597
196 124 -0.6034556099992454
196 181 -0.0676133512463534
196 182 0.8652576676057222
196 183 0.6271615196442488
196 184 -0.2592792534830059
196 191 -0.4149091543665624
196 192 0.3141758980406246
196 195 0.6003313685233951
196 197 0.5265357201143772
196 198 -0.9513247207564044
196 199 0.3028383378263486
196 200 -0.378028096929996
197 198 -0.629570504289261
199 200 0.183378550844812
201 129 0.280237632278465
201 197 -0.6329598557248823
201 198 0.1120595745350645
201 205 0.2279669761476963
201 206 0.0540209478817101
201 207 0.3193891887276991
201 208 -0.764787163903013
201 213 0.3834309824831803
201 214 -0.7563975300186012
201 215 0.4574998256582894
201 216 0.4319189261557863
202 130 -0.0005308809194144
202 197 -0.980272146706798
202 198 -0.7555240405324135
202 201 -0.111795896052788
202 205 0.9150400514335972
202 206 -0.3371500545131496
202 207 0.3662633158412145
202 208 0.3841541195485596
202 213 -0.2015772432828644
202 214 -0.0329508600075274
202 215 0.6121122504336365
202 216 0.4713109649094236
203 131 0.1594790597421016
203 189 -0.4444734894798459
203 190 -0.8224858241899964
203 191 0.4965731787883209
203 192 -0.7856244250457647
203 197 -0.4461363831607261
203 198 -0.8660021072727591
203 205 0.2332452825966486
203 206 -0.2410207617167903
203 207 -0.512053808476377
203 208 -0.4925686121856345
204 132 0.2472722555389346
204 189 0.4810622989331794
204 190 0.7124375903261755
204 191 -0.2176482341513059
204 192 0.5813864684056733
204 197 -0.1896603618362617
204 198 0.4287103015316107
204 203 0.3931131829638632
204 205 0.0726736088292963
204 206 0.2566356600633592
204 207 -0.2561689619978646
204 208 0.9955879535393864
205 206 -0.5537303354618894
207 208 -0.4322655429311002
209 137 -0.8528850970374757
209 205 -0.5049389114869085
209 206 0.8960454535956297
209 213 0.5305448878416499
209 214 0.4901738089979541
209 215 -0.2979469950029827
209 216 0.6003611626816456
210 138 0.9717593443324946
210 205 -0.8898497989720413
210 206 -0.8201161599583509
210 209 0.8667526837969619
210 213 0.4877192402173476
210 214 0.0986229478245452
210 215 0.8603968815870571
210 216 0.0980072580976858
211 139 -0.4870791286203266
211 205 0.94176746302162
211 206 -0.534969928965445
211 213 0.3056068346849252
211 214 0.1003885477455774
211 215 0.5456512610797168
211 216 0.4130755233603937
212 140 0.9234355054856114
212 205 0.8558590212181767
212 206 -0.5005392508834425
212 211 -0.1518648872959458
212 213 -0.4824727796289174
212 214 0.0064265642460137
212 215 0.1361477229937344
212 216 -0.839403367349846
213 214 0.2523194863174194
215 216 0.7868242824578331
