# 
1 1 -0.7502289011615764
2 2 3.5431626286647955
3 3 -2.766380600736327
4 4 1.0133227003279224
5 5 -2.818520924459033
6 6 0.7860476498811257
7 7 0.0465070829497555
8 8 0.5008588719009444
9 9 -1.455225135775985
10 10 1.4838499155946154
11 11 -1.418373040826319
12 12 -2.078713611964022
13 13 1.266690431501142
14 14 -3.4118187396745148
15 15 -1.8108325469053772
16 16 0.3437419595153237
17 17 1.5866095598029777
18 18 0.0165592751345338
19 19 1.016674910669802
20 20 3.1244814193286823
21 21 -3.133168001918783
22 22 3.1154327622374653
23 23 1.15313822425136
24 24 -2.7029391504298728
25 25 0.7703319939782896
26 26 0.8835657834842214
27 27 3.674018858915491
28 28 -3.2098247923006697
29 29 -0.4805104104368238
30 30 -1.4214370317443192
31 31 0.4633084289830913
32 32 -1.8674936611236743
33 33 -2.891645540919326
34 34 3.2890134939260127
35 35 3.799539693813792
36 36 2.2246701218322213
37 37 2.295404287844182
38 38 -0.0793420908228403
39 39 -1.0696022287955635
40 40 3.916083582545301
41 41 -2.6324579889216926
42 42 2.7967010339004696
43 43 -2.069310146920313
44 44 0.2154696094961163
45 45 -1.419118181539707
46 46 -2.9524015559947765
47 47 -2.600309466222047
48 48 0.6883356677968306
49 49 1.78942321981984
50 50 -3.768564527106122
51 51 1.954084251315661
52 52 -3.7139615176935648
53 53 0.5353222413780481
54 54 -1.6937596999493083
55 55 2.948964178755378
56 56 -3.674703545392699
57 57 0.8808438739940918
58 58 -3.5520431876827683
59 59 -3.512477777286944
60 60 -2.680323954112027
61 61 -0.1529827399259806
62 62 2.9388271343378616
63 63 -1.0151766160722762
64 64 0.7471766187466837
65 65 -2.932597567202049
66 66 1.9334500307656968
67 67 -2.9023887953943355
68 68 -2.7302386379258854
69 69 -0.8328695235100447
70 70 -3.537561014481
71 71 2.9791147221261296
72 72 -0.7027147131724663
73 73 3.2547381841142
74 74 2.9862459963762618
75 75 -0.4694759173836678
76 76 1.0934047049726905
77 77 -1.9271206630059856
78 78 -2.1647389613721737
79 79 -2.7048934958762034
80 80 -3.8697119014727863
81 81 2.0989119404292573
82 82 3.6519671038607937
83 83 2.6926942422065103
84 84 -1.421432215811551
85 85 1.4787651820050547
86 86 1.3100966089228887
87 87 -3.9498688716732415
88 88 2.011166677910332
89 89 0.3880867592402302
90 90 -0.8557238856707015
91 91 1.78688660165521
92 92 -0.1725538332872958
93 93 3.707868704343389
94 94 0.7055566998843297
95 95 -3.9324077491171288
96 96 3.11388812927966
97 97 0.34752233704606
98 98 -0.8356824809301431
99 99 -1.4381101380297103
100 100 1.673884078671076
101 101 -0.1514657076231866
102 102 1.1604575982199157
103 103 -3.1183268662778234
104 104 -3.4019353199655766
105 105 -1.7591218977739445
106 106 -2.944072682376566
107 107 -3.834428577922072
108 108 -1.4482330929781462
109 109 3.8903194910636767
110 110 2.286100522069092
111 111 -0.635572731188236
112 112 2.6591296732596508
113 113 0.2914641080708282
114 114 -2.770107453838442
115 115 0.9341462657949258
116 116 1.84339231407974
117 117 2.402385175164185
118 118 -2.6914471888053004
119 119 -3.590048674700749
120 120 1.823631233303174
121 121 -3.4575222961654
122 122 -1.252009691854611
123 123 -2.5820252970770525
124 124 -1.8839604932375835
125 125 -3.3715671568053303
126 126 1.2664467020934094
127 127 -2.3421235601349624
128 128 -3.866666799601576
129 129 0.6987099899378979
130 130 -2.518368765081597
131 131 -1.912549871012976
132 132 -1.9844264835199104
133 133 -1.5872088740167802
134 134 -2.991754458497991
135 135 1.2406809546752395
136 136 -2.961274043940217
137 137 -1.62024893848813
138 138 -3.219281247662127
139 139 0.8544037340260449
140 140 0.6036711054184734
141 141 -0.2356069681186676
142 142 -2.6045496852531818
143 143 -0.8833493274690323
144 144 -3.2120586142268355
145 145 -3.498138843886233
146 146 0.9933253993376718
147 147 2.182854195036234
148 148 -2.605384280826313
149 149 -2.009461333255211
150 150 -1.3221322123469357
151 151 -2.5719002433618527
152 152 3.915956482136952
153 153 -0.4198015632126122
154 154 0.1620873306853552
155 155 0.4662370214973936
156 156 -2.843754574971147
157 157 -2.228664735701493
158 158 2.6954454759364106
159 159 0.2366899557683526
160 160 -2.247694588249332
161 161 3.707859955419916
162 162 -3.225315167613072
163 163 -3.728473649958441
164 164 -3.9513478877785575
165 165 0.1865768390442772
166 166 0.93243183697171
167 167 -0.7207113255551878
168 168 -0.9083555766955396
169 169 1.7955581482858047
170 170 -3.367383745448149
171 171 -1.6850108900962404
172 172 -3.9021923301775487
173 173 1.874688187797335
174 174 -0.4100458086977392
175 175 -3.057820015324097
176 176 -2.7304623969488064
177 177 -0.7384538362509669
178 178 -1.4686726073545655
179 179 -1.6726580672689515
180 180 -1.462651585979259
181 181 2.688664953487275
182 182 -2.888812197405379
183 183 3.8161489196864826
184 184 0.8076546233628541
185 185 -1.4051775091004188
186 186 1.551370077599974
187 187 -2.0878678714418584
188 188 -0.5197233521588531
189 189 3.0871775413224576
190 190 2.5057231081787537
191 191 -2.7783472336658
192 192 2.02641731020302
193 193 3.845489743441811
194 194 0.6994279642169721
195 195 -2.615154138044967
196 196 -2.794288854704675
197 197 -1.7724373358803085
198 198 3.8160265500276536
199 199 -1.174354772233979
200 200 -2.8550032484158514
201 201 0.4047745126132192
202 202 3.313559505587748
203 203 -2.086944625517609
204 204 -1.6371113464448124
205 205 3.193909298061717
206 206 -0.1133046956119017
207 207 1.7249271368006172
208 208 -1.5044649187901138
209 209 -0.9360534038953104
210 210 1.0787859775983222
211 211 -1.958258018309734
212 212 2.715926108925265
213 213 -2.3633999752365016
214 214 2.238477735461279
215 215 2.4641406877388548
216 216 -0.4910147366306843
1 5 -0.3727893545454781
1 6 -0.5547813498147294
1 7 -0.4520471561124526
1 8 0.8785673584595117
1 13 0.6998613564200169
1 14 -0.3630413012984437
1 15 -0.293262994114694
1 16 0.3638141989589993
2 1 -0.923148864149449
2 5 -0.955956041215744
2 6 -0.0395803544431134
2 7 -0.2881408248886701
2 8 0.3107550562683825
2 13 0.6418022681697308
2 14 -0.1332419479791546
2 15 -0.4866778677142607
2 16 -0.4732199809667341
3 5 -0.900521466418768
3 6 0.3682259803194903
3 7 0.8886627452384865
3 8 -0.3958716147502719
4 3 -0.0653919360160864
4 5 -0.7576216095820267
4 6 0.5121001522381279
4 7 0.5225149274512357
4 8 0.168216412535745
5 6 -0.2571914613189066
5 29 -0.1354920260073133
6 30 0.439412936030862
7 8 -0.3439558981613164
7 31 -0.4729996649759767
8 32 -0.4102586298098507
9 5 -0.8823352803787341
9 6 0.2326898560840391
9 13 0.7321254096107013
9 14 -0.2259513894350457
9 15 0.3278940867890572
9 16 0.428696246442372
9 21 -0.2926313840823782
9 22 0.7223136319891352
9 23 -0.6629396454402068
9 24 0.8887356099913708
9 79 0.8927397991848609
9 80 -0.0489368461098957
10 5 0.7013439604606937
10 6 0.7861408875624307
10 9 0.2090279567284698
10 13 -0.509662976530844
10 14 -0.6384551747361173
10 15 -0.2093858225208951
10 16 -0.0661051901914646
10 21 0.7178326901712044
10 22 0.6630117541826319
10 23 -0.7437200783181388
10 24 -0.2347731909983139
10 79 -0.1871113169838141
10 80 0.1173880669653451
11 5 -0.9690316053799986
11 6 0.406032887624643
11 13 -0.9045878360630116
11 14 -0.3971032537652448
11 15 -0.3447279375159933
11 16 0.2942332470103628
11 79 -0.7088326422396638
11 80 -0.7482616672974549
12 5 -0.6608366883094237
12 6 0.4953235998673277
12 11 0.3616754890270401
12 13 -0.6409968677323343
12 14 0.298928886154594
12 15 -0.2452886159773608
12 16 -0.2055814671098585
12 79 -0.66939970983919
12 80 0.6207359260745073
13 14 -0.1380856199575559
13 37 -0.3734524337629024
14 38 -0.7467760800436865
15 16 0.9784614023556129
15 39 -0.2232999626200544
16 40 -0.1617065748673218
17 13 -0.9426783850812672
17 14 -0.2633959781729407
17 21 -0.1860848359827409
17 22 0.7456045532957092
17 23 0.5840390256285273
17 24 0.1853766219723696
17 87 0.4190601824564217
17 88 0.3098782051312845
18 13 -0.8599601499396032
18 14 -0.050554463643927
18 17 0.938275232902219
18 21 -0.4514309214143528
18 22 0.6278461142973455
18 23 0.621327306326817
18 24 -0.9116473351494944
18 87 0.156285003019547
18 88 -0.8524842508767589
19 13 -0.2634789290423689
19 14 -0.4685780654262985
19 21 -0.6932733930929476
19 22 -0.537603401503735
19 23 -0.4772564059914115
19 24 0.9579670109319554
19 77 0.5567809475703964
19 78 -0.1549124158041595
19 79 -0.5223199618871557
19 80 0.0764524256218286
19 87 -0.8943437167916477
19 88 -0.6729637960842718
20 13 -0.1165790469266871
20 14 0.7211620915216097
20 19 -0.707107300235853
20 21 -0.4728928385527728
20 22 0.8632594728153227
20 23 0.618210790770658
20 24 -0.1668930368723411
20 77 0.1705072067435515
20 78 0.787066364722341
20 79 0.5690978917557561
20 80 0.4640133847679026
20 87 0.1673638916100261
20 88 0.5433993638766095
21 22 -0.832863235388386
21 45 -0.7729550776198948
22 46 0.9849713028227328
23 24 -0.7527862753467021
23 47 0.7538172637913065
24 48 0.1373184097223292
25 23 0.882335493260884
25 24 0.5893569301927108
25 29 0.5805684308727506
25 30 -0.4602293294769493
25 31 -0.5763711680376555
25 32 -0.9107393437122208
25 37 0.1270776598667027
25 38 0.5104867422591628
25 39 0.003334396011547
25 40 0.208641078698035
26 23 0.2168030029399403
26 24 0.4352206127328983
26 25 0.6147517883982654
26 29 -0.1408183785217365
26 30 0.6676472547789514
26 31 0.8861732187275617
26 32 -0.9609132760567176
26 37 -0.765262730423153
26 38 0.7632596884279017
26 39 -0.9027964913230546
26 40 0.6320103976826439
27 13 -0.0433437179001625
27 14 -0.2612784026134103
27 15 -0.3440928399998788
27 16 -0.1751478324187028
27 23 0.0643018101754007
27 24 0.2785911480323058
27 29 0.2892546647515281
27 30 0.1687527264930326
27 31 0.8572783724469186
27 32 0.7518658307200761
28 13 0.8467151736784513
28 14 0.9098035799046342
28 15 -0.6791536283304094
28 16 -0.5184047970864456
28 23 -0.1934535697357711
28 24 0.7919378019820913
28 27 -0.7837940208290459
28 29 0.987144024249832
28 30 -0.9869597897889116
28 31 -0.7455217221927211
28 32 -0.3825026868767593
29 30 0.0579046819767608
29 53 -0.9341752191379786
30 54 -0.8345487695552349
31 32 -0.0687555573322891
31 55 -0.736530925884666
32 56 0.0786030131714659
33 29 0.0121705826623306
33 30 0.3556060694667553
33 37 -0.0613942552258175
33 38 -0.7203889468306115
33 39 -0.7202003025211299
33 40 0.8073378231764907
33 45 -0.6760354221100116
33 46 0.4978238234764671
33 47 -0.4132137179151323
33 48 0.9466072788879863
33 103 0.6851895385167688
33 104 -0.5485162214550912
34 29 0.5821498263052935
34 30 0.9272301331209436
34 33 0.0298643045681974
34 37 -0.0329284154612423
34 38 0.4740181926264628
34 39 -0.5594834593288016
34 40 0.641218795635945
34 45 0.6873657666138269
34 46 -0.0529297305448652
34 47 -0.6593770304119713
34 48 0.1071759019117448
34 103 0.7535136283356503
34 104 0.6861004467978902
35 21 -0.5439404227311015
35 22 0.8969469445073459
35 23 0.0244799673799813
35 24 0.4018673452559134
35 29 -0.9864094929477354
35 30 0.3029283915979186
35 37 -0.7349873941510683
35 38 0.3737551211118157
35 39 0.9214772908381416
35 40 0.4720418052969228
35 103 -0.0326739257202188
35 104 -0.2452573120090351
36 21 -0.6846710364868485
36 22 -0.2494142603381308
36 23 0.9023001724346248
36 24 0.1610584374274317
36 29 -0.1947398156968456
36 30 -0.3951417176530807
36 35 0.2741118608362547
36 37 0.5674621508636164
36 38 0.4478732593652201
36 39 0.2875003722117868
36 40 0.4366797892614922
36 103 -0.9274962284185796
36 104 0.3595065148267833
37 38 0.5705857089119948
37 61 0.5626210997907743
38 62 0.3278647637233909
39 40 0.8383765420797411
39 63 -0.8837329533174039
40 64 -0.7062991248830466
41 37 -0.6931489190329729
41 38 -0.929968945511004
41 45 -0.7118759816729052
41 46 -0.3188001771476301
41 47 -0.5258460681396797
41 48 0.1257710008416028
41 111 0.9060398057792648
41 112 0.9037249542815616
42 37 -0.3062450083411616
42 38 -0.3345037483705184
42 41 -0.9192916385982428
42 45 -0.5749597398455724
42 46 0.005582629587167
42 47 -0.7341314984315888
42 48 0.0571684462939521
42 111 0.7813142134178324
42 112 -0.6978505261945822
43 37 0.4222308238075127
43 38 -0.1144734371090396
43 45 -0.0239082283616387
43 46 0.3883115915433357
43 47 -0.7572281025349752
43 48 -0.0772023126775787
43 101 -0.889669729172011
43 102 -0.6552256300680299
43 103 0.7562735766765607
43 104 -0.6466977169682817
43 111 0.0354368074653976
43 112 -0.0111721802149584
44 37 0.194616639676364
44 38 -0.2926427279810288
44 43 0.3747027029295986
44 45 -0.1090382601744468
44 46 0.3503870863234948
44 47 0.0933605376184476
44 48 0.2351064774317302
44 101 -0.4982976752219374
44 102 0.3738670479721586
44 103 -0.97794835318284
44 104 0.1441279270634812
44 111 0.483577908179905
44 112 -0.3171844599524831
45 46 -0.7829236811335696
45 69 -0.1663372662554141
46 70 0.2252013094495215
47 48 -0.6732830944500923
47 71 -0.9978752966391292
48 72 -0.7540953285937246
49 47 0.4612716033012227
49 48 0.8427281662764741
49 53 -0.4062444750821035
49 54 -0.2879450365632274
49 55 0.2050425948835244
49 56 -0.074200179460754
49 61 0.7387357016863225
49 62 0.946841884911294
49 63 -0.9417069659608864
49 64 -0.2904205865554232
50 47 -0.8085937594953281
50 48 0.9796598700591472
50 49 -0.4732538294535062
50 53 -0.606559865500774
50 54 0.6170642923396219
50 55 -0.7616613561231895
50 56 -0.3515424932075135
50 61 -0.1399647583033409
50 62 -0.369612569233098
50 63 -0.4583485397048823
50 64 -0.94756110322178
51 37 0.1553825401786244
51 38 -0.632527501260508
51 39 0.5198122662812918
51 40 0.9385683735691724
51 47 0.3700896677166225
51 48 0.2834954616672613
51 53 -0.9424574169282
51 54 0.6541249981515718
51 55 0.941997648132466
51 56 -0.4526889585957996
52 37 -0.3819995542491567
52 38 0.1151275377900109
52 39 0.3484049387445376
52 40 0.3121131050720249
52 47 -0.4654528474660122
52 48 0.5657934588648899
52 51 0.1578448129656708
52 53 -0.0967429493874525
52 54 -0.4256543929843106
52 55 -0.6001791065321231
52 56 0.1546734056487086
53 54 0.4943524167813971
55 56 -0.6179154900868424
57 53 0.112160015332279
57 54 -0.6115309155133895
57 61 0.5896135453413376
57 62 0.8277197246490291
57 63 0.2124794016287039
57 64 0.5406084051501012
57 69 -0.681051274308403
57 70 -0.2888092359751195
57 71 -0.4089177935211878
57 72 -0.4845981012317908
57 127 0.0942240283442543
57 128 -0.9689724123217404
58 53 0.776894481952876
58 54 0.4438244721559281
58 57 0.7491673632797933
58 61 0.3646043338169322
58 62 0.5044555448901653
58 63 -0.3109356076114391
58 64 -0.1966010238458468
58 69 -0.0194001530887384
58 70 -0.0503998693237914
58 71 0.1182145251622377
58 72 0.9517155492710072
58 127 0.2711713491197489
58 128 0.5165474952253963
59 45 -0.9664383853880884
59 46 -0.8761135223101475
59 47 -0.1766830540165227
59 48 -0.6179455496588577
59 53 0.5453472243958326
59 54 0.4385697613937362
59 61 -0.0415745982423225
59 62 0.8384275377219346
59 63 0.5870608721472317
59 64 0.8908726565011293
59 127 0.5856527400646458
59 128 0.288565578161241
60 45 -0.7194975077288521
60 46 -0.1845335761658315
60 47 0.1712604771234229
60 48 0.0564101399924881
60 53 -0.5881781850629901
60 54 0.2806348235341782
60 59 0.4434069027543037
60 61 0.8105508074313446
60 62 -0.3108212543716666
60 63 -0.0732888158771229
60 64 0.7508355715543391
60 127 -0.1900183467775464
60 128 0.3606344905253569
61 62 0.6724318324189131
63 64 0.3417396253342182
65 61 -0.8805912961275244
65 62 -0.3767501041614383
65 69 0.7768120884451255
65 70 0.9277870698090532
65 71 0.1913639708053895
65 72 0.3363181267514923
65 135 -0.5732243465203031
65 136 -0.921756024013205
66 61 0.891113726549837
66 62 0.4725359034593088
66 65 0.0174298596472635
66 69 0.1915138813575936
66 70 -0.1258681787152871
66 71 -0.5336405386780074
66 72 0.699101437378614
66 135 0.3504057048067874
66 136 0.5462086926065173
67 61 0.3041133617347216
67 62 0.5005137935129627
67 69 0.8887122108649192
67 70 0.7968345970482664
67 71 0.0007427789376379
67 72 -0.2046694143025371
67 125 -0.6959240764664347
67 126 -0.8738482504469385
67 127 -0.8046321075302627
67 128 0.6419276883839999
67 135 0.4218940258217132
67 136 -0.3648463994355899
68 61 0.6604674697097606
68 62 0.8614148163890865
68 67 -0.0973255225585201
68 69 0.8577067535855167
68 70 0.458206125251873
68 71 -0.7217415495054338
68 72 -0.9140018033531774
68 125 -0.0691579543134393
68 126 -0.7861718632459811
68 127 0.0348760305705919
68 128 -0.0090777628523601
68 135 0.3290785372838229
68 136 -0.9580191645806484
69 70 -0.7111981204695776
71 72 -0.1861752318096556
73 1 0.6445958836566714
73 77 0.7173044551410839
73 78 0.3966501815855281
73 79 0.294173092958939
73 80 0.8074227042109441
73 85 0.5623777150108602
73 86 -0.6573780566491885
73 87 -0.7273149823087179
73 88 0.5694785833160736
74 2 -0.632905575204715
74 73 -0.1494572453324043
74 77 -0.2377385532913933
74 78 -0.647765364417421
74 79 0.4919170663086116
74 80 -0.1438035579195262
74 85 -0.5973572171782873
74 86 0.6319673272603394
74 87 -0.0317751662550229
74 88 0.280261071994859
75 3 0.272842009294979
75 77 0.2649669369308709
75 78 0.826427247403787
75 79 -0.3632621549806329
75 80 0.8865416812399762
76 4 0.557329626311629
76 75 -0.5303418122429506
76 77 0.8329418503875825
76 78 -0.5907699671016597
76 79 0.8138827231487495
76 80 -0.1655101111522898
77 78 0.0200243170698046
77 101 -0.3573836581870777
78 102 0.8959958845324236
79 80 -0.8838644490086733
79 103 -0.348159112253589
80 104 0.6090086972447257
81 9 0.3512064522113602
81 77 -0.275426293842155
81 78 -0.7054493059986526
81 85 0.4104175247028614
81 86 0.2661972710581446
81 87 -0.8193954621826758
81 88 -0.9324281105225724
81 93 -0.077313083048762
81 94 0.8427851243323865
81 95 0.489076655472979
81 96 -0.3157894084415189
81 151 -0.4772668053904312
81 152 0.6117430509089232
82 10 -0.7504143332526267
82 77 0.7666886190940851
82 78 0.3368388341465205
82 81 -0.2901338840197391
82 85 -0.6112425162659807
82 86 0.2209932440573174
82 87 0.0974006112238361
82 88 0.5846276178592524
82 93 -0.3363567140862189
82 94 0.4445590882827008
82 95 0.2397108584453755
82 96 -0.0397447839820854
82 151 0.1343825092252173
82 152 0.6689131615346777
83 11 0.618522346830229
83 77 0.5225907280978968
83 78 0.7183901444308487
83 85 -0.2088214881452659
83 86 0.0816604483969116
83 87 -0.1440387530666487
83 88 0.8568094810396376
83 151 -0.5812453148987489
83 152 0.4258381504201163
84 12 -0.1770962495702814
84 77 0.8711412087721759
84 78 -0.0270852521536935
84 83 -0.0420412838006358
84 85 -0.3677042034724518
84 86 -0.2179065264341961
84 87 0.8827389393639673
84 88 0.9702524267839072
84 151 0.4521363375259104
84 152 -0.7518090940878954
85 86 -0.4911906004168089
85 109 0.2063533817463585
86 110 0.7299865537773347
87 88 0.9855654360304074
87 111 0.5477287517405427
88 112 -0.0111959622054478
89 17 -0.6208439834569446
89 85 -0.8860456373349537
89 86 0.6309432461855444
89 93 0.5632884487401804
89 94 -0.6717323468403831
89 95 0.8508411322707718
89 96 -0.0857258992453071
89 159 0.3373530382500247
89 160 0.8620601748762442
90 18 -0.8867409211669322
90 85 0.1312171651577816
90 86 -0.3399797237903799
90 89 -0.780922000756666
90 93 0.8027771320173145
90 94 -0.2788660408246632
90 95 0.4308555850446509
90 96 0.0443674553530273
90 159 0.069507245373841
90 160 -0.0070329750586763
91 19 -0.4276105408368529
91 85 -0.7157848615157472
91 86 0.8093619388835342
91 93 0.0946872413233628
91 94 0.0604022847747194
91 95 -0.6317512307132824
91 96 0.6889984111355942
91 149 -0.3936311743043308
91 150 0.4634884008819668
91 151 -0.0969634801084695
91 152 -0.8701460623926589
91 159 0.8124863886471494
91 160 -0.29913726207992
92 20 -0.7802953891163409
92 85 -0.5757149326694129
92 86 -0.2498435016636322
92 91 0.1247683365014384
92 93 -0.3659190925548004
92 94 -0.4233494479901298
92 95 -0.5881177697584024
92 96 -0.2445458616690117
92 149 0.558367984440838
92 150 0.5867978195630148
92 151 0.7098971466349211
92 152 -0.329212104103552
92 159 -0.3345774757816731
92 160 -0.8726380686124009
93 94 0.7028420504298818
93 117 -0.1557056140265245
94 118 -0.6850736597124671
95 96 0.1986666063696476
95 119 0.9232158829757626
96 120 -0.7124965023940448
97 25 -0.331035193679891
97 95 -0.366796122604837
97 96 0.2889069642520652
97 101 -0.8425431692683425
97 102 0.6061297611462337
97 103 -0.7311282545460125
97 104 0.835318615859513
97 109 -0.5286867009907115
97 110 -0.8673395940249484
97 111 -0.8191244766750516
97 112 -0.7099344661474529
98 26 -0.0429034251475397
98 95 -0.3109044640532661
98 96 -0.3263926995272834
98 97 -0.6689944559985104
98 101 -0.0171194365099864
98 102 0.5961338249034414
98 103 0.1113102075475365
98 104 0.4486551835296304
98 109 0.0105466511292469
98 110 0.5863693575418873
98 111 0.1898558739476834
98 112 0.5449279618833018
99 27 0.8375623458572732
99 85 0.9821305349097608
99 86 -0.3787984237135877
99 87 0.5841536302124619
99 88 -0.2281218506285085
99 95 -0.9669893208470624
99 96 -0.9651980031046604
99 101 0.127143142061987
99 102 0.2721040903787204
99 103 -0.5764934597216245
99 104 -0.632514261137344
100 28 0.4852975518923244
100 85 -0.0754795727258077
100 86 -0.1903537899211163
100 87 0.1419371830264304
100 88 -0.6133551380110849
100 95 -0.7910670468099674
100 96 -0.9344361113519336
100 99 -0.99894689877099
100 101 0.095139025790133
100 102 -0.0176563479071789
100 103 0.7289182520020114
100 104 0.9713180172609596
101 102 0.0890142787757102
101 125 0.7137228306286623
102 126 -0.5464447609364569
103 104 0.1837131392167537
103 127 0.3549490399708808
104 128 -0.9748965500737844
105 33 0.8432968924581474
105 101 -0.8498418806633408
105 102 0.3345796635829472
105 109 -0.4218321192434113
105 110 0.6906285045759706
105 111 -0.5262273493868173
105 112 -0.8532877322657362
105 117 0.6277232023288801
105 118 -0.4921334156599652
105 119 -0.7645498580713335
105 120 0.301256790411935
105 175 -0.040390164636157
105 176 -0.284776072289246
106 34 0.9939443341915776
106 101 -0.725245101768665
106 102 -0.989347258923014
106 105 -0.6463497602425672
106 109 -0.4019995596007759
106 110 0.6595105251011364
106 111 -0.4329655980756994
106 112 -0.0914342544003472
106 117 0.9101744494584224
106 118 -0.430571069239495
106 119 -0.8692899762349255
106 120 0.9030919624730616
106 175 -0.7838796048755747
106 176 -0.285733139710028
107 35 -0.4173615266426449
107 93 -0.5409059809196093
107 94 0.2644597308136709
107 95 0.0318405343870205
107 96 0.6607265872841517
107 101 -0.323097802003633
107 102 -0.1056468339011009
107 109 -0.6089882368274193
107 110 0.2104589624948372
107 111 -0.0642696680058907
107 112 0.1272711957245149
107 175 -0.377220603283662
107 176 0.0647154782340935
108 36 0.3114398443731763
108 93 0.8067899823689666
108 94 0.2160537988938253
108 95 0.1685676599572678
108 96 -0.989706879462956
108 101 -0.3432733877593261
108 102 -0.2431976306060765
108 107 -0.980483860907564
108 109 -0.5786040131941841
108 110 -0.3214599243958607
108 111 -0.6232473964204859
108 112 -0.9514228729008842
108 175 0.558521055740669
108 176 -0.4431766367689591
109 110 -0.0760881888828954
109 133 -0.919342666883728
110 134 0.7187918960780721
111 112 0.8651787369778687
111 135 -0.7854360278712154
112 136 -0.6312291260832534
113 41 0.1264288112518812
113 109 -0.7788601815389284
113 110 0.8003429915624387
113 117 -0.5716154265652305
113 118 0.7753373782387383
113 119 0.6659634614505003
113 120 0.578112350126625
113 183 -0.2269381000218995
113 184 -0.9499024401606084
114 42 0.074704702589549
114 109 -0.8556646155648477
114 110 -0.3110747173147439
114 113 -0.2511873911441158
114 117 0.2362487650026312
114 118 -0.7571896665549256
114 119 0.7270508623558012
114 120 -0.9819680738557772
114 183 0.8686150805617967
114 184 0.9923911933435944
115 43 0.4658542253412419
115 109 -0.6959593283838008
115 110 0.9601461919561738
115 117 0.8829157817614224
115 118 0.3813230240047827
115 119 -0.5350386004574932
115 120 -0.8673327612590473
115 173 -0.6178539578768458
115 174 0.1547831492838853
115 175 -0.7985036853356926
115 176 0.3404325370048404
115 183 -0.7561061591737919
115 184 0.9204495914315702
116 44 -0.331185944941067
116 109 0.5840777737887894
116 110 -0.6069849821926758
116 115 -0.4628675326520906
116 117 0.7100273444275031
116 118 -0.8702942864441199
116 119 -0.6098187783599502
116 120 0.6183482441704253
116 173 -0.2650884768741188
116 174 0.3826851106834739
116 175 -0.0660132381561655
116 176 -0.3086588485658021
116 183 0.7848881760830468
116 184 0.8368639914515374
117 118 0.3241831136924746
117 141 -0.1606759660035075
118 142 -0.4021222777081488
119 120 0.290638326109166
119 143 0.7147589122797304
120 144 -0.4475395835768696
121 49 -0.0955050451377987
121 119 -0.156783416370791
121 120 0.5862170034440959
121 125 0.8884941503794239
121 126 -0.4467788097610785
121 127 -0.1897667920810959
121 128 0.5142624102880242
121 133 0.7818850012173848
121 134 0.3460863278059953
121 135 -0.4451897895621408
121 136 0.3403995231957526
122 50 -0.6018653314362592
122 119 -0.6049544037566086
122 120 -0.3731893390413154
122 121 -0.9168917266737128
122 125 -0.4734371608675276
122 126 0.2421086006898261
122 127 -0.4453061987721729
122 128 -0.2880296411587326
122 133 0.5542953656451837
122 134 -0.3436786486703389
122 135 0.5247053959136432
122 136 0.6901313492284586
123 51 0.9994707801702908
123 109 -0.5431254358283828
123 110 0.9645270963551256
123 111 0.5879282076036723
123 112 -0.2939712227275863
123 119 0.278038752489673
123 120 0.4109464727854661
123 125 -0.6388219616245183
123 126 -0.7660945168237381
123 127 0.5303233696676233
123 128 -0.3163352169489284
124 52 -0.0783436337495644
124 109 0.4125242807132931
124 110 0.8776797124567506
124 111 -0.8607905500831408
124 112 -0.4218982704956624
124 119 -0.8968545363076426
124 120 0.7435396097001856
124 123 0.1599899272262188
124 125 -0.410228969379488
124 126 0.6911193423421378
124 127 0.0211503165487818
124 128 -0.4033834826362574
125 126 0.5138181080059492
127 128 0.3195960896163243
129 57 0.1944263196113405
129 125 -0.8168410848193046
129 126 0.8191176193915908
129 133 -0.8509958668381998
129 134 0.0041984607414791
129 135 -0.0607432888437613
129 136 -0.1903559654039666
129 141 -0.9609495105412698
129 142 0.404113692777289
129 143 -0.8934729884382209
129 144 -0.1662076760341881
129 199 -0.2958404409928081
129 200 -0.1286740269776551
130 58 -0.820803276236169
130 125 0.0216400345620304
130 126 0.7815119172027976
130 129 -0.2344396747489006
130 133 0.7580643225890247
130 134 -0.8805511707407594
130 135 0.0450127451583486
130 136 -0.4870513657452964
130 141 0.5277377832089509
130 142 0.3882462929988226
130 143 0.3999972613779357
130 144 0.9511225953095122
130 199 -0.2965215251356021
130 200 0.9242086121207076
131 59 0.577241803552005
131 117 -0.8011874995585655
131 118 0.6294213640523016
131 119 -0.363041962295328
131 120 -0.1344954682039185
131 125 0.3547882999119636
131 126 0.2356317417679396
131 133 0.0898051274588247
131 134 0.8947400578301743
131 135 0.3690568476182505
131 136 -0.7383710360936127
131 199 -0.1681356907317219
131 200 0.0397732022445824
132 60 0.0004411120195968
132 117 0.3720561309967403
132 118 0.9945077079783566
132 119 0.7074390546933214
132 120 -0.4053612577595136
132 125 0.6882607055268957
132 126 0.2383705205220965
132 131 0.2653037738796218
132 133 0.724709080716337
132 134 0.7295298326914554
132 135 -0.3895981348012214
132 136 0.1624797234154298
132 199 -0.4485328972841957
132 200 0.0080462112039856
133 134 -0.0436142832575534
135 136 0.2780343687245055
137 65 0.004884910119336
137 133 -0.9363957730481508
137 134 0.8887687141539857
137 141 -0.1413919429969306
137 142 0.5092597348410961
137 143 -0.9523571703101644
137 144 -0.0547393618888663
137 207 -0.5507245109975534
137 208 0.4866395907963583
138 66 -0.2777741784621661
138 133 0.4964460722685224
138 134 0.6595515586428975
138 137 -0.6946989818239657
138 141 0.9517358445627866
138 142 -0.6212130437543752
138 143 0.1883005451427672
138 144 0.1952494543409355
138 207 -0.573699261687522
138 208 0.2993780363752076
139 67 -0.7273648951513942
139 133 -0.918728129890841
139 134 -0.6115971200152561
139 141 0.4423084643498212
139 142 -0.6525436237186009
139 143 -0.0501136357605258
139 144 -0.6784351432221587
139 197 -0.6415011289780106
139 198 -0.433203101034346
139 199 -0.1795520887571073
139 200 0.4087724043710541
139 207 -0.7198338694272115
139 208 -0.9249970581819182
140 68 0.9376955297874594
140 133 -0.0985732621876291
140 134 -0.85406284488418
140 139 0.6871682189999695
140 141 0.4996435611769581
140 142 -0.1453440073069556
140 143 -0.2884933739906989
140 144 0.5807699955370389
140 197 0.1700792737354963
140 198 -0.5700355317964447
140 199 0.9183908650089504
140 200 0.3606133153704169
140 207 -0.6459179663188002
140 208 -0.9577823199569404
141 142 -0.1233794446883862
143 144 -0.8238220735339377
145 73 0.7418355563614996
145 149 -0.3085275928684685
145 150 -0.5923668088966452
145 151 -0.4871045226216886
145 152 -0.4757166599516669
145 157 -0.5422270003609815
145 158 0.2306391019299227
145 159 0.6519353497462159
145 160 0.0111004216966554
146 74 -0.2037292779710635
146 145 0.4878059903861655
146 149 -0.0379389072194633
146 150 0.2069082642597957
146 151 -0.7207760984181006
146 152 -0.3854608447013701
146 157 -0.2089654246534007
146 158 -0.1609117242332922
146 159 -0.0578339740742994
146 160 -0.8320692867456365
147 75 0.518521421721619
147 149 0.0754018599292001
147 150 0.7785327961731394
147 151 -0.958007071223568
147 152 0.4397281015128294
148 76 -0.5693075782493893
148 147 -0.0593807866744207
148 149 0.1608632333764843
148 150 -0.8570520195716638
148 151 0.4062366100210608
148 152 -0.4045385475046599
149 150 -0.9611258050614676
149 173 -0.1336822282770171
150 174 -0.9832656765825348
151 152 -0.642693996349605
151 175 0.2453391911799678
152 176 -0.2838622854633634
153 81 0.0653414389888193
153 149 0.1610780695818774
153 150 -0.3776991934453122
153 157 0.944256639015046
153 158 -0.5326981619302997
153 159 -0.660603738848748
153 160 0.8025761891413488
153 165 0.4158694701043381
153 166 0.7197285976392067
153 167 0.5461213480001978
153 168 0.2487230306686625
154 82 -0.2252088075624143
154 149 0.6226430331713588
154 150 -0.6516680909109389
154 153 -0.7857869914964501
154 157 0.9176797386238824
154 158 -0.1528001179718341
154 159 0.3162870436863072
154 160 0.0911044518280048
154 165 -0.7861220682346832
154 166 -0.7390403034813282
154 167 -0.6432839616837858
154 168 0.1289177451393395
155 83 0.8220006248029434
155 149 0.0002257480301643
155 150 -0.8434163280658271
155 157 -0.6319789916259331
155 158 0.7079088845308441
155 159 0.2003627207272389
155 160 -0.5523765747321683
156 84 -0.3410055788963888
156 149 -0.6244444205903681
156 150 0.9964203785499824
156 155 0.5947144996992888
156 157 -0.0350224547061168
156 158 -0.2242807959363706
156 159 -0.8556635045280216
156 160 0.2613298019935672
157 158 0.4140605660776304
157 181 0.6502912588199243
158 182 -0.6181733872743773
159 160 -0.9426117907742462
159 183 -0.1835270965240296
160 184 -0.4888051782539115
161 89 0.0874867001538677
161 157 0.2250331522864082
161 158 -0.3072277667939318
161 165 0.6272023764109902
161 166 0.6653837674159728
161 167 0.4399863243805317
161 168 0.952373205500419
162 90 0.7582279725087868
162 157 0.9604744362125271
162 158 0.204906574727768
162 161 -0.6083510306660491
162 165 0.9549057195935649
162 166 0.0480585797950883
162 167 -0.2456940503424307
162 168 0.1983181164121576
163 91 0.461619923756049
163 157 -0.3026288401972412
163 158 0.4627706893284184
163 165 -0.9822197394734064
163 166 -0.2279133880495558
163 167 -0.2874237143172078
163 168 -0.2068067993783571
164 92 -0.2265629237575839
164 157 -0.1192766430310634
164 158 0.8618660691309674
164 163 -0.0403724187421017
164 165 0.4954413538901736
164 166 -0.3592266607515004
164 167 0.5132489493188017
164 168 -0.4428208471356032
165 166 0.0615243661590172
165 189 0.3650726787216773
166 190 0.8825432974569667
167 168 -0.9724095001602272
167 191 -0.3889783728804068
168 192 0.9599569952358616
169 97 0.9956192644814132
169 167 0.01595192773798
169 168 -0.3832553549084632
169 173 -0.5052124738509216
169 174 0.949903021243597
169 175 -0.5652719714061127
169 176 2.127079174285562e-05
169 181 0.1727795819708257
169 182 -0.1832151683021912
169 183 0.6409451750565041
169 184 0.0694739615080559
170 98 -0.238887337155246
170 167 -0.8962193525648037
170 168 0.6925712888551931
170 169 0.9617247057980703
170 173 -0.8282845903837033
170 174 0.8285060835291953
170 175 -0.8558296746570422
170 176 -0.4889289763333155
170 181 -0.7361091411265372
170 182 0.8123146068882989
170 183 -0.0708066334089003
170 184 -0.6533867143636827
171 99 0.8146812270498931
171 157 -0.3268226462628374
171 158 0.801214260760863
171 159 0.8004961736634
171 160 -0.7409942768940487
171 167 -0.516570088457442
171 168 0.5720860180758467
171 173 -0.5762408445280922
171 174 -0.6526191996589552
171 175 0.2646940411615934
171 176 -0.6819371367272622
172 100 0.7933897063087698
172 157 -0.5771488041008821
172 158 0.3245304585922115
172 159 0.5581948503413112
172 160 0.0107936625688285
172 167 -0.5070943337144731
172 168 -0.0704622595397228
172 171 0.1372949213201437
172 173 -0.8090124380551256
172 174 -0.9403316417169924
172 175 -0.3624747674571638
172 176 0.1123470739460072
173 174 -0.9576984637412508
173 197 -0.3176646440363875
174 198 -0.6226487324654961
175 176 -0.5405728962079772
175 199 -0.0723961613155428
176 200 -0.3627619891124352
177 105 -0.8139739123861829
177 173 0.2834816954330115
177 174 -0.7900731063339252
177 181 -0.7050249768334376
177 182 0.8346689648582442
177 183 0.8672853083648218
177 184 0.960790110748912
177 189 0.8640527464897594
177 190 0.3564104833733352
177 191 0.2489414529287781
177 192 -0.9697928514281824
178 106 -0.2399156148363186
178 173 -0.7160943528173453
178 174 0.5657330926562301
178 177 -0.7625737707500542
178 181 -0.2297043133171512
178 182 -0.2478045397089778
178 183 0.368096732081745
178 184 0.1441711493173205
178 189 0.0150196433821689
178 190 -0.0382948168294186
178 191 0.9374547517273516
178 192 -0.9663994982369568
179 107 -0.300605464189499
179 165 -0.3072677989291836
179 166 -0.5989345967986748
179 167 0.2951667080006639
179 168 -0.1002445245715157
179 173 0.2653337186428477
179 174 -0.449223001020183
179 181 -0.7434544672789605
179 182 0.927271093972184
179 183 0.8981506112419528
179 184 0.0109366286309375
180 108 0.0168676440910671
180 165 -0.9341942697965196
180 166 0.5686602875540316
180 167 -0.0333040617447792
180 168 0.749845337290926
180 173 -0.0353803644656967
180 174 0.9486167574939216
180 179 -0.1640242643100404
180 181 0.8779680398945162
180 182 -0.6123186044229167
180 183 0.7222492973326342
180 184 -0.2567172929414634
181 182 0.0940418860948473
181 205 0.05839546349063
182 206 0.6220214125550125
183 184 0.0823843163120006
183 207 -0.5841472844439708
184 208 0.1846605567757193
185 113 0.4430697600543642
185 181 0.6774993039653563
185 182 0.5444215500688776
185 189 -0.622051223629208
185 190 -0.3627982522310951
185 191 -0.6416401070955999
185 192 -0.8762696128563048
186 114 -0.3323138332457418
186 181 -0.4918565468831548
186 182 -0.572789025111746
186 185 0.5700941098569263
186 189 0.4575699417346219
186 190 -0.287414133964238
186 191 -0.78185849579903
186 192 0.7798064336224106
187 115 -0.5640805632736561
187 181 0.402587373679284
187 182 0.2805267851752757
187 189 -0.8982691254760129
187 190 -0.8278688935513412
187 191 0.9118160913449184
187 192 0.7328514619419055
188 116 0.8310816663299874
188 181 0.613816635871755
188 182 0.0018441744637072
188 187 -0.3625740394397017
188 189 0.3166410662606904
188 190 0.2869690713946236
188 191 0.8799342727768746
188 192 -0.3264327155321884
189 190 -0.0400400865358019
189 213 -0.7963969654456657
190 214 0.0757009720285177
191 192 -0.4760613406087148
191 215 -0.6433140652052134
192 216 0.9204659947855328
193 121 0.9413007820054546
193 191 0.397380831973475
193 192 0.8077574745543472
193 197 0.9415721483602428
193 198 -0.5639363019775032
193 199 -0.8339595167536307
193 200 0.5604925706813333
193 205 0.2758619893711256
193 206 -0.5480537476933249
193 207 -0.5455088219292923
193 208 -0.0039680099393422
194 122 0.8242341933612338
194 191 -0.306562434191959
194 192 0.3755025831689553
194 193 -0.1978093542249313
194 197 -0.709240403849491
194 198 -0.693581082699156
194 199 -0.4689166676557361
194 200 -0.0079782083111139
194 205 0.1588888373757842
194 206 -0.6523260443282257
194 207 0.4215728296722769
194 208 0.5559372775032134
195 123 0.7411434607397727
195 181 0.6737736831867374
195 182 0.6400459448888898
195 183 -0.9052420815167336
195 184 -0.4523681554399912
195 191 -0.2709234317148918
195 192 0.823454964408058
195 197 0.4251007442239092
195 198 0.651890283522059
195 199 -0.1691438105518765
195 200 -0.8182060988791737
196 124 0.5331544621019566
196 181 -0.0846889991549808
196 182 -0.2061385921655456
196 183 0.5691653961553886
196 184 -0.8853535779042476
196 191 -0.8741105109072254
196 192 0.4663818170997098
196 195 -0.6234167017984231
196 197 -0.9588383085470192
196 198 -0.508873619982759
196 199 0.1177353036092481
196 200 -0.8346437101185791
197 198 -0.649002754573764
199 200 0.6454588129238612
201 129 -0.2351681920217825
201 197 0.5043481781561856
201 198 0.0863778086536892
201 205 0.0213318733897853
201 206 -0.9844687739983244
201 207 -0.7671296834175456
201 208 -0.9108999551772924
201 213 0.3646315506555537
201 214 -0.0939557252665594
201 215 -0.0556957604948999
201 216 0.3360975672728219
202 130 0.979085220150457
202 197 0.2606199543209198
202 198 -0.8826650536366745
202 201 0.0342935234390029
202 205 -0.2648013299941374
202 206 -0.1883090464804053
202 207 0.163357820730184
202 208 -0.8695363067159565
202 213 -0.3622811870888482
202 214 -0.5176617667156607
202 215 -0.234430178654809
202 216 0.4882171993528201
203 131 -0.7333915646915383
203 189 -0.6673175800756341
203 190 -0.9510012928441232
203 191 -0.971548762470889
203 192 0.4329516499488486
203 197 0.6549208193543765
203 198 -0.8808607146422887
203 205 -0.8527986742708074
203 206 -0.2401059524097886
203 207 0.0813164295566817
203 208 0.2031928234061815
204 132 0.6272831139801913
204 189 0.675911158428083
204 190 -0.6079220238011178
204 191 -0.7312562638776685
204 192 0.651022138859227
204 197 -0.189765064778836
204 198 0.6813370646671046
204 203 0.9564338176047518
204 205 -0.7004009688662742
204 206 0.9271003083805976
204 207 0.2657682035844406
204 208 -0.2850424779171188
205 206 -0.604376904908777
207 208 -0.0074867611528948
209 137 0.5300025434545355
209 205 0.5806053573184053
209 206 -0.2994937419477255
209 213 -0.6915396931359732
209 214 0.0789238818497135
209 215 -0.4385361107983148
209 216 -0.4191655401395107
210 138 0.5889456975970588
210 205 -0.7523492793180664
210 206 -0.38820409202648
210 209 0.662997093629748
210 213 0.6656221932659945
210 214 0.2570281062279909
210 215 0.8163609639734555
210 216 -0.9636704883687556
211 139 0.8816774059662573
211 205 -0.5914009459902516
211 206 0.0807431474624276
211 213 -0.0978472138548454
211 214 0.3233027133338395
211 215 -0.1376965552359219
211 216 0.2394677967470593
212 140 -0.8917879666684492
212 205 0.1214488394387429
212 206 -0.3442568826585901
212 211 0.1538894891740636
212 213 -0.0920211506708663
212 214 0.6016376758315718
212 215 0.0443306213428666
212 216 -0.619483332289243
213 214 -0.0471230779406164
215 216 0.1980640821963237
