1 2 -0.38732280759466864
1 3 0.9222676904272531
1 4 -0.3154059648943599
2 3 0.7169023037819904
2 4 -0.36203707199378266
3 4 0.16789862023399182
5 6 0.7192000476436915
5 7 0.5969028981924498
5 8 0.39957451708960834
6 7 0.33637390577909354
6 8 -0.20941483793990456
7 8 -0.6637340391903004
5 1 -0.09182367723665363
5 2 0.660399954223106
5 3 -0.9296987576728071
5 4 0.629239842706125
6 1 -0.8000602376876198
6 2 0.9717365029017748
6 3 -0.17272360081248417
6 4 0.43714052154738425
7 1 -0.7602512508177577
7 2 0.2975472635210952
7 3 -0.06751321400005184
7 4 0.3543932701168444
8 1 -0.41741281583374024
8 2 0.3286999560541388
8 3 -0.20629934873940514
8 4 -0.2728270910619628
9 10 0.5371289715991019
9 11 -0.40961832295599687
9 12 -0.5233398904790703
10 11 -0.27598369894930586
10 12 -0.7275967623541593
11 12 -0.5632618668295319
9 5 0.12157803272440604
9 6 0.23659808126064408
9 7 -0.5068516962021599
9 8 -0.4664558636171907
10 5 -0.9341614733766024
10 6 0.33125167541739553
10 7 0.6265612684597142
10 8 -0.8687201620842633
11 5 -0.15827927488904248
11 6 -0.2567859819728342
11 7 0.7590759951327659
11 8 0.9188319991673968
12 5 0.885408322980201
12 6 -0.6529145299005918
12 7 0.5357360659380288
12 8 0.4787051267198399
13 14 -0.06313218269443843
13 15 -0.4899601833377336
13 16 -0.7143336576291734
14 15 0.512075200133453
14 16 0.6323164452404519
15 16 0.3510024200656945
13 9 -0.9902534458272758
13 10 -0.423303738001499
13 11 0.12705317445374686
13 12 0.18292551174201788
14 9 0.2603764589175457
14 10 -0.7675342634655813
14 11 -0.17745945378091865
14 12 -0.09625925747501274
15 9 0.8480000326358839
15 10 0.6481564685745862
15 11 -0.3047562701231241
15 12 0.08421827235846546
16 9 -0.9184562603718247
16 10 0.02737854196736178
16 11 0.7378996222774084
16 12 -0.08387048040916989
17 18 0.972699800860515
17 19 0.5387391853998822
17 20 -0.6277646496027351
18 19 -0.7440164075917717
18 20 -0.7986212367327841
19 20 -0.6780574895847566
17 13 -0.29673576184804773
17 14 0.6983664038487118
17 15 0.8472871225761998
17 16 -0.05781246091897496
18 13 -0.386515578709953
18 14 0.5700955307450117
18 15 0.7573313718928172
18 16 0.4317897962725574
19 13 -0.17018009314133664
19 14 -0.05640897913218068
19 15 -0.3478240825502552
19 16 0.12367452592632544
20 13 0.30402804207374645
20 14 0.4117453513090521
20 15 -0.5970334409155493
20 16 0.9525019738949432
21 22 0.3814918527785258
21 23 0.24231776783101977
21 24 0.617827255616245
22 23 -0.9860168114450478
22 24 -0.20187501983105038
23 24 0.4912173274281437
21 1 -0.39305258432524837
21 2 -0.6410125675640008
21 3 -0.35461554278943686
21 4 0.2870239498232474
22 1 0.7582232609504198
22 2 0.4450781279118501
22 3 -0.8056993360128397
22 4 -0.49291080953535493
23 1 0.5310832571240385
23 2 -0.05132986285982155
23 3 -0.2527353713007132
23 4 0.7676900286941781
24 1 0.10537504809840637
24 2 0.7352638905723159
24 3 0.29289865345679544
24 4 0.9694410328999972
25 26 -0.9869772918536412
25 27 0.8513106775884416
25 28 0.8273230986094608
26 27 0.5009518264425914
26 28 -0.8032477782742706
27 28 0.10943612364417832
25 5 0.27804397363037836
25 6 0.940217234002436
25 7 -0.19627184719816126
25 8 -0.44312461060771136
26 5 0.8082829038660131
26 6 -0.7415163057716856
26 7 0.6723530351381106
26 8 0.40982186996759706
27 5 -0.5237103355728614
27 6 -0.31151283139199837
27 7 -0.4779248695426721
27 8 0.7810031163049995
28 5 0.3978015317309642
28 6 0.45930922409175645
28 7 -0.16114051390349649
28 8 -0.5427667368630609
25 21 -0.8080303962184747
25 22 0.7184375275527541
25 23 -0.34391882516861916
25 24 -0.3939229625023928
26 21 -0.6702961681115311
26 22 0.052362240892412926
26 23 0.9579528847557666
26 24 0.3365056587665549
27 21 -0.5091136109337306
27 22 -0.8106698934798644
27 23 0.2571200692285627
27 24 0.5971565397433729
28 21 -0.028882527246135492
28 22 -0.3404346497984323
28 23 0.9158058073483308
28 24 -0.2739158122527898
25 1 0.2731846494151935
25 2 -0.6478737853138452
25 3 0.6390108821435261
25 4 -0.90553343418264
26 1 0.450021185340828
26 2 0.5653615647946633
26 3 -0.4082865546415546
26 4 0.2830226138144727
27 1 -0.8493713970255559
27 2 -0.6799279871236779
27 3 0.35510558185606045
27 4 -0.8315870634241627
28 1 -0.12039357703585996
28 2 0.833049537566785
28 3 -0.6675260337883742
28 4 -0.5211702443510626
29 30 -0.7946129195101468
29 31 0.2681529182231108
29 32 -0.22028837830535353
30 31 0.5363633589830885
30 32 0.7160827045108009
31 32 -0.8387556309053963
29 9 0.9465357666585714
29 10 0.20794911032124652
29 11 0.2499056308398373
29 12 0.8247576565137296
30 9 -0.2451256770697703
30 10 -0.5472842378625133
30 11 -0.6011544136844795
30 12 0.3074304590361647
31 9 0.5032340480388215
31 10 -0.706727567179082
31 11 -0.43040398740401664
31 12 -0.5142352570472608
32 9 0.017277442907238205
32 10 0.7841082167161912
32 11 -0.7950014264163952
32 12 -0.13555430845512628
29 25 -0.5520749249360077
29 26 -0.7011640059554094
29 27 0.8349686912310901
29 28 0.4464252660321628
30 25 0.19797678376063188
30 26 0.3874026969477249
30 27 -0.4025460724422134
30 28 0.058618652752869815
31 25 -0.007491702637424824
31 26 0.29618616839635825
31 27 0.507602074020185
31 28 -0.19782557998035966
32 25 -0.5044032792346134
32 26 -0.26730682560751307
32 27 0.7817994514159674
32 28 0.6823185264014668
29 5 -0.7118498591280551
29 6 -0.21715566884071347
29 7 0.006869720832891391
29 8 -0.22410930771023851
30 5 0.8435590056028033
30 6 -0.3059180455484978
30 7 0.38133365508541095
30 8 0.22897881693072852
31 5 -0.5419148089481916
31 6 0.9905376698653245
31 7 0.6823476896713219
31 8 0.8826829430546033
32 5 0.7993325642220392
32 6 0.5208690598868961
32 7 0.9601391103633838
32 8 0.2701030401365485
33 34 0.9848505888562205
33 35 0.6110398184529491
33 36 -0.08614768352772995
34 35 -0.6751024380826276
34 36 -0.6205419799973573
35 36 0.5800251911339815
33 13 0.3899675624028982
33 14 -0.7531978272221904
33 15 0.09769011051583432
33 16 0.9756897635087067
34 13 -0.29154583753612906
34 14 0.5096118183909413
34 15 0.8385122678974575
34 16 0.18029717123811295
35 13 0.5204925137749643
35 14 -0.4373172835081651
35 15 -0.2768166409979018
35 16 0.8513793302932118
36 13 -0.6075818444085379
36 14 0.8071045726971411
36 15 0.8091637779374312
36 16 -0.4516016442148283
33 29 -0.12924260296444134
33 30 0.09772683160671325
33 31 0.3753351845418411
33 32 -0.8512802592379827
34 29 0.3744012800538503
34 30 -0.8176418385844135
34 31 -0.990802116260755
34 32 0.09927654317390444
35 29 0.8856941319460381
35 30 -0.4818233409063506
35 31 0.04452536865369572
35 32 -0.07220032118855868
36 29 0.4921890390056296
36 30 0.42577224309486095
36 31 0.34977920810049135
36 32 -0.5510549748134921
33 9 0.9760740909314876
33 10 0.8055835090519134
33 11 -0.4609456964692491
33 12 -0.6411366288420561
34 9 -0.16671372174879218
34 10 0.1107296235198112
34 11 -0.4132759978103018
34 12 -0.5130359160005677
35 9 -0.7072315122493404
35 10 -0.6465907851631576
35 11 0.5690449096090813
35 12 0.40242595138694415
36 9 -0.44355944520845947
36 10 -0.9533396573989146
36 11 0.9332933523881464
36 12 -0.834289673027371
37 38 0.6263807241905983
37 39 0.24576648752075414
37 40 0.7576380254425952
38 39 0.8840533705992659
38 40 0.8473834312934447
39 40 -0.8933530885683734
37 17 0.5253291346654025
37 18 0.15299626903453412
37 19 -0.23149796372380904
37 20 0.7405050882321418
38 17 -0.6731901162987814
38 18 0.5070749579727074
38 19 -0.9595074222739695
38 20 -0.29598564869397714
39 17 -0.8352634328754829
39 18 0.37583498329807474
39 19 -0.39661979926155255
39 20 -0.4799222181833147
40 17 -0.09351531996996143
40 18 0.3507787896821235
40 19 0.5875855581274958
40 20 0.8184381889739367
37 33 0.7957579628151199
37 34 -0.9908641409828456
37 35 0.6387112375181041
37 36 -0.9451342550616564
38 33 -0.36031129423053354
38 34 0.9104310868478329
38 35 0.16057775955519782
38 36 0.4601602827319087
39 33 0.10820536980762485
39 34 0.6109132939000461
39 35 0.678447771542511
39 36 -0.3953462039864404
40 33 0.36065602565126986
40 34 0.6334986295932274
40 35 -0.14002207109911935
40 36 -0.8387851776361515
37 13 0.17666433192957243
37 14 -0.26691191415919113
37 15 -0.8438552523762395
37 16 0.8453233648324885
38 13 -0.8165788144224626
38 14 -0.2592232862020847
38 15 0.9610890943557058
38 16 -0.6385718249078445
39 13 -0.9968683266665532
39 14 -0.13941875863546715
39 15 0.03383648652969029
39 16 -0.2560492796537086
40 13 0.0696166770200306
40 14 0.8459339505113328
40 15 0.3641186503085505
40 16 -0.7493216227650752
41 42 -0.6466527774300752
41 43 0.7448637483248952
41 44 0.029956690295611876
42 43 0.39001138931378465
42 44 -0.49034866519979214
43 44 -0.7964127739645313
41 21 -0.7065375340027606
41 22 -0.6509518241264378
41 23 -0.013082527930007304
41 24 0.26494357478212827
42 21 -0.3575296609557723
42 22 0.3699432708572181
42 23 0.4465660384416923
42 24 -0.8774747754920214
43 21 -0.9822772946233145
43 22 0.4395477681652875
43 23 0.9663160187738069
43 24 0.9379811036648458
44 21 -0.9250743372915775
44 22 0.216088074401789
44 23 0.09660069065482602
44 24 -0.9213099022106392
45 46 -0.21929757432831853
45 47 0.7490932605147858
45 48 0.575766809683973
46 47 0.6036057939303139
46 48 0.17322987992555317
47 48 -0.7564331031329528
45 25 -0.5972165744738955
45 26 -0.004807656152878481
45 27 -0.8862852931293628
45 28 0.9960236964951312
46 25 0.42891396548049876
46 26 -0.559040290835195
46 27 -0.8303468281341948
46 28 0.7731725181718252
47 25 0.7274621116141948
47 26 -0.2901862214866915
47 27 -0.2605366607259154
47 28 -0.5879471450955824
48 25 -0.9171355383220847
48 26 0.9751553501926349
48 27 0.23961384095334526
48 28 0.617483417591665
45 41 0.9546140242800449
45 42 0.589291656937559
45 43 0.09251174426936903
45 44 -0.18711279546937765
46 41 0.6092251749170321
46 42 -0.45981279763854443
46 43 -0.18138292223560382
46 44 0.5530513597566682
47 41 0.8094002181264595
47 42 0.33744161273315076
47 43 0.9088623478843842
47 44 0.17047655887187263
48 41 0.7478594639607934
48 42 -0.7010924597435113
48 43 -0.6718237784310133
48 44 0.40526407127981035
45 21 -0.007837136932228761
45 22 -0.1533628412063508
45 23 0.44310077171157736
45 24 -0.6053110206641812
46 21 0.06000608621046233
46 22 -0.06497865343096598
46 23 -0.5203221612550928
46 24 -0.0030343164115014254
47 21 0.5830388348112432
47 22 0.6877148552351466
47 23 -0.7961426828599711
47 24 -0.7324735143934473
48 21 0.3358860050005428
48 22 0.8466223564398385
48 23 0.5361366312584046
48 24 0.10664777961340333
49 50 0.7831939984713046
49 51 0.8681164328577629
49 52 -0.9298703536730359
50 51 0.8164840916499021
50 52 0.7516352615128337
51 52 0.5202312787896282
49 29 0.1983080930155725
49 30 0.21003360384941594
49 31 -0.7946418848847601
49 32 0.5030734040046756
50 29 -0.4312973374524356
50 30 -0.5768599493903879
50 31 0.8298786745574647
50 32 -0.5064078152707006
51 29 -0.6143862334180366
51 30 0.41540481180600874
51 31 -0.7902496758678481
51 32 -0.3404871562613043
52 29 -0.3645686792698448
52 30 0.6548556853926275
52 31 0.7941142596861286
52 32 0.8965071125914421
49 45 -0.2272875203592637
49 46 -0.3399929917505533
49 47 0.7157849258631102
49 48 0.45321417537782027
50 45 -0.2038534282027693
50 46 -0.45087907649934955
50 47 0.8988259062865869
50 48 -0.7745442720010796
51 45 0.6340650371481735
51 46 -0.06920304667171129
51 47 0.3160448311871884
51 48 -0.8682684481583223
52 45 0.035558987902193806
52 46 -0.5941278050057608
52 47 -0.41022090862661775
52 48 0.2990996228448499
49 25 0.5707837998465022
49 26 -0.6874518707550579
49 27 0.09847134483049325
49 28 -0.7574732368066421
50 25 0.023806937057575528
50 26 0.26491181410716647
50 27 0.15393239496508482
50 28 0.44217002450055554
51 25 -0.396222453142832
51 26 0.29300090085897756
51 27 0.09262769435686113
51 28 0.7613586041064389
52 25 -0.094023281673834
52 26 0.08358048723190947
52 27 -0.5802158537815976
52 28 0.9793039216354058
53 54 -0.017164737770536398
53 55 0.7257494604510744
53 56 0.32134751028070707
54 55 0.5766163725800857
54 56 -0.22539519952830078
55 56 0.9362558853419964
53 33 0.8166771273120861
53 34 0.16357889149484262
53 35 -0.5949875085980081
53 36 0.8410710882310712
54 33 -0.85876945951602
54 34 -0.758431830635431
54 35 0.35581684238643474
54 36 0.07153946759694185
55 33 0.210005959277767
55 34 -0.6376549007246206
55 35 -0.21107285489438166
55 36 -0.5548631390117886
56 33 -0.5679688422334377
56 34 -0.9755243791028116
56 35 -0.1672198120786741
56 36 -0.2342153789045487
53 49 0.30331441784614466
53 50 0.5254435177240042
53 51 0.18865664860981335
53 52 -0.965529101841216
54 49 -0.14128366596924646
54 50 0.4311044404661981
54 51 -0.2663181739669125
54 52 -0.8624390597068177
55 49 0.6463878706329982
55 50 -0.3998682060471448
55 51 -0.28525019226415194
55 52 -0.03498420736261987
56 49 -0.08665661933393087
56 50 0.020219786048465638
56 51 0.04086840862147301
56 52 0.16135157522629573
53 29 0.6164289062877268
53 30 0.1730297533926377
53 31 -0.1830838868501954
53 32 -0.10613611815146595
54 29 0.548535321885975
54 30 0.7319060892878786
54 31 0.8208350837449887
54 32 -0.43732269123539447
55 29 -0.42833049056244965
55 30 0.21343969722095069
55 31 -0.8532320828778424
55 32 -0.514186660208801
56 29 -0.7657281988492683
56 30 0.7521967080086629
56 31 -0.16391756313266326
56 32 0.6129946010052143
57 58 0.18113320555785073
57 59 -0.46319400251955356
57 60 -0.2586136873932623
58 59 0.8197008006333479
58 60 0.08440782616907883
59 60 0.045582975059822894
57 37 0.2044161867016694
57 38 -0.9299887039552348
57 39 0.510374865787329
57 40 0.5367559683676768
58 37 0.34954941990548205
58 38 -0.5100146761544442
58 39 0.7428883376467283
58 40 0.7068782454906195
59 37 0.42282185457092614
59 38 0.3818939640340244
59 39 0.7104344715284032
59 40 0.3884277514124024
60 37 0.7039595792019535
60 38 0.7924728166619501
60 39 -0.26487035876137655
60 40 0.042900952530341874
57 53 -0.42619983017066354
57 54 -0.7919010574605096
57 55 0.3039265196928125
57 56 0.37984149421486846
58 53 0.6595732473529927
58 54 -0.9480514572660346
58 55 0.3644211116463236
58 56 -0.5988629587050844
59 53 0.5305174363327279
59 54 0.43400636925363445
59 55 0.2255169460854558
59 56 0.9890078245831742
60 53 0.4123205645954142
60 54 -0.251271918030765
60 55 -0.4465692868117286
60 56 0.4652324685392526
57 33 -0.32175674720268077
57 34 -0.25483831372487753
57 35 0.7204216141699527
57 36 0.4294940719153093
58 33 -0.5289581105112733
58 34 0.07602447957457814
58 35 0.43884696111909705
58 36 0.3411407014330916
59 33 -0.21327680563607787
59 34 -0.45384770657710893
59 35 0.34737321057227
59 36 0.5811071698239794
60 33 -0.007662068989944926
60 34 -0.5978248131596471
60 35 -0.7464546181492955
60 36 0.6237618107590088
61 62 0.3578153151176011
61 63 0.10016738696746752
61 64 -0.28424768976964554
62 63 0.1788360282100223
62 64 0.18267921877438154
63 64 0.49223268410817456
61 41 0.8828757067555353
61 42 0.7987126515475282
61 43 -0.455323554304927
61 44 0.4576216525062802
62 41 0.3813241680638557
62 42 -0.8865345061108538
62 43 -0.23702012773275083
62 44 -0.4270540622327488
63 41 0.5436087900059599
63 42 -0.8698889598552915
63 43 0.7169003026613563
63 44 0.1107366714150464
64 41 0.793693656973268
64 42 0.8658871571908457
64 43 -0.244154445545131
64 44 -0.14989584556053503
65 66 0.1556428658091349
65 67 -0.3942110663379934
65 68 0.46649918408512114
66 67 0.05340860785697532
66 68 -0.4841603142058939
67 68 0.27638881340818044
65 45 -0.989908889657185
65 46 0.3326056592152944
65 47 0.08095965822526163
65 48 -0.11040204608628468
66 45 0.3312947199621783
66 46 -0.48120287735110145
66 47 0.3460680712318669
66 48 -0.005428804305446899
67 45 0.5481913471287518
67 46 0.5029296486417667
67 47 0.8159481284684837
67 48 -0.3348555989528865
68 45 0.5458688578136026
68 46 -0.9973439526121737
68 47 0.4714645903575674
68 48 0.25324245343457985
65 61 0.35451654183018655
65 62 0.8274839327360268
65 63 0.531386894143143
65 64 0.0220257519825775
66 61 -0.3931861713909901
66 62 0.976144189440787
66 63 -0.21649547945922998
66 64 0.23327218908152525
67 61 -0.5395970293260386
67 62 0.8485133257211142
67 63 -0.03023717549203231
67 64 -0.5165210175405854
68 61 -0.9842286260824014
68 62 0.07756608361756223
68 63 0.08518127496428773
68 64 -0.26598882609105634
65 41 -0.31365111234176046
65 42 -0.683116031640616
65 43 0.9760531353984063
65 44 0.4216860414560728
66 41 -0.617067887620073
66 42 -0.7360277403793514
66 43 -0.6401315239273497
66 44 0.5599087136550442
67 41 -0.811080040578918
67 42 0.45437607686285886
67 43 0.7213454392172933
67 44 0.41136911181542213
68 41 0.8406663213138315
68 42 0.9051840976939638
68 43 -0.7306054053340525
68 44 0.6448502352390502
69 70 0.8244148388824319
69 71 -0.508924092584478
69 72 0.04526553879407236
70 71 -0.973506281444841
70 72 0.6262885853101194
71 72 -0.3906970022878311
69 49 0.32697708778491874
69 50 0.2020256852222979
69 51 -0.5269215435627526
69 52 0.9435353369412824
70 49 -0.4312477391673035
70 50 -0.20309947773603465
70 51 -0.2555122295296455
70 52 0.8934204031604933
71 49 0.7544596950064812
71 50 -0.35250191212703763
71 51 0.6452559038368053
71 52 0.8491432589943104
72 49 -0.2962085751136967
72 50 0.3757007876543015
72 51 0.5498532157162996
72 52 -0.2722977362299974
69 65 0.2844451949885367
69 66 -0.804227981282134
69 67 -0.9696563420406814
69 68 0.17010194332240958
70 65 0.8940650813307776
70 66 0.554067999329926
70 67 -0.49219008230557626
70 68 -0.513482358757299
71 65 -0.837350846770494
71 66 0.644880171691774
71 67 -0.1600289869721634
71 68 0.34110511679501143
72 65 0.048876157485606475
72 66 -0.639630015331023
72 67 -0.3861861042536401
72 68 0.892536465057197
69 45 0.8255841275471694
69 46 -0.9606531665363935
69 47 0.09577864055644403
69 48 0.9219067952395616
70 45 0.025655328254841958
70 46 -0.8823640577475969
70 47 0.2900133490192218
70 48 0.5648319600628131
71 45 0.10649114560730122
71 46 0.8307162253660099
71 47 0.1777901202908645
71 48 -0.1979202569155829
72 45 -0.8586871668252221
72 46 -0.8434376790287497
72 47 -0.7065860142753382
72 48 0.9590845952183513
73 74 -0.13202156486946826
73 75 0.312120893969966
73 76 -0.18624643728385903
74 75 -0.9270707353618697
74 76 -0.36986922906345665
75 76 -0.08405514706807526
73 53 0.7668811259729178
73 54 0.8311209877847094
73 55 -0.24253138012552578
73 56 -0.9012914567297396
74 53 0.21209534156916532
74 54 0.5405626035322353
74 55 0.9526614993961493
74 56 0.3622425733673371
75 53 -0.9205621894178713
75 54 -0.8256932146511802
75 55 -0.3092225837995124
75 56 -0.059999973957104435
76 53 0.5621937049263082
76 54 0.05337347832641126
76 55 -0.4615009565487689
76 56 0.6414311375476289
73 69 -0.8907705366923138
73 70 -0.5215686329277891
73 71 0.11493291467345057
73 72 0.11755643463427523
74 69 0.6637930765053413
74 70 0.5896212420801279
74 71 -0.23738926778381364
74 72 -0.46475787748848707
75 69 0.9978197842099921
75 70 0.7536622301823677
75 71 0.9272325715340979
75 72 0.17994895044399506
76 69 0.8544340651565869
76 70 0.6944925199879264
76 71 0.794331554001035
76 72 0.8490392687317241
73 49 0.36968648745591537
73 50 -0.026377350863357796
73 51 -0.05912307107106152
73 52 -0.3535118356583604
74 49 0.9422101789550539
74 50 -0.2609737529977012
74 51 0.0988077231350526
74 52 0.7571458598361771
75 49 0.5362303563810225
75 50 -0.5588262913935662
75 51 0.20441653740586774
75 52 -0.7040983529969165
76 49 0.687185391008722
76 50 -0.061091440205562675
76 51 0.558880104304672
76 52 0.44629064269612795
77 78 0.4663222288458235
77 79 -0.03937972440045101
77 80 -0.8971254264248347
78 79 0.24119809514410262
78 80 -0.3598276347270417
79 80 -0.9842907417892002
77 57 -0.29519592912040116
77 58 0.8475652030024776
77 59 0.22135239692285458
77 60 0.26012019620499993
78 57 -0.43118162824781825
78 58 -0.547656917259508
78 59 0.9902546122446803
78 60 -0.17454629558483625
79 57 -0.4595204806906099
79 58 -0.17335421666920348
79 59 0.15139769658776814
79 60 0.6109009810989767
80 57 0.09411600240286488
80 58 -0.564638225862633
80 59 0.010854216446340548
80 60 0.13534475993729544
77 73 -0.23823671336803431
77 74 0.8940663878543
77 75 -0.5805508507222235
77 76 -0.8458998379925975
78 73 0.8045706968868036
78 74 -0.49308042660535834
78 75 0.24452125302931882
78 76 -0.8860575963287745
79 73 -0.8860922100554065
79 74 0.5775705181371069
79 75 0.835311172085009
79 76 0.5923156654382766
80 73 -0.264293543579488
80 74 -0.8793646244777953
80 75 -0.3061674054750718
80 76 0.14145041569394645
77 53 -0.4008546025813091
77 54 -0.24936023806347918
77 55 0.3707481825338288
77 56 0.34752521723289265
78 53 0.844676955586974
78 54 0.2762847190566118
78 55 0.7864572640956067
78 56 -0.6917337062563673
79 53 -0.35222195459062
79 54 -0.5195533837743134
79 55 0.4203043529766002
79 56 0.061245742420308336
80 53 -0.8475658011354219
80 54 0.6653449245133232
80 55 -0.06373341179245395
80 56 0.3573251060947442
81 82 -0.9813100323744235
81 83 -0.26686233473809495
81 84 0.4194749682525778
82 83 0.9305397468721148
82 84 0.5515881439455419
83 84 -0.7635476954789979
81 61 0.30291270259796077
81 62 0.8200374905213372
81 63 -0.9266704793045029
81 64 0.2962633162980559
82 61 0.11832458255657885
82 62 0.26977821025579507
82 63 0.8047112373313836
82 64 0.718741363426054
83 61 0.8158110992168874
83 62 -0.5448104678833281
83 63 -0.23474840217467907
83 64 -0.9501348972480637
84 61 0.7788675867710355
84 62 -0.6528473079043478
84 63 0.3052686261825437
84 64 -0.6301193941844168
85 86 -0.14776664455848687
85 87 -0.5118605357500232
85 88 -0.11028068080845621
86 87 0.4191206667803955
86 88 -0.14390992181322027
87 88 0.8574865380567176
85 65 0.47518587493260545
85 66 0.40167228256905374
85 67 0.8073094030081893
85 68 -0.8313314498867219
86 65 -0.08427552695682983
86 66 0.5328708902263248
86 67 -0.5839801576848405
86 68 -0.47502388555914
87 65 0.5105288434995612
87 66 -0.007133945114166762
87 67 -0.5658609621797319
87 68 -0.17175058970679458
88 65 0.9420217286369204
88 66 0.2497740595238842
88 67 -0.5785087443078394
88 68 0.6248703244218949
85 81 0.7334174208736619
85 82 -0.2683480994312184
85 83 -0.15617056688552244
85 84 -0.4225350956071674
86 81 -0.4484934063934338
86 82 -0.1078656440439607
86 83 -0.4032561462093023
86 84 0.821106993646014
87 81 -0.2537277536169047
87 82 -0.018824798517300456
87 83 0.5816904938916136
87 84 -0.9499303314023455
88 81 0.8973983659389597
88 82 0.3896952736411847
88 83 -0.12495117169021341
88 84 -0.2316631932777673
85 61 -0.6960631209184704
85 62 0.17737031908254175
85 63 0.6255120873373954
85 64 0.7756197611740034
86 61 0.44602794474022245
86 62 0.25001163298934936
86 63 -0.34448279124472303
86 64 0.635004007081795
87 61 -0.2324157052077278
87 62 0.5861797754741149
87 63 0.7773873292369688
87 64 0.9366119887129982
88 61 -0.7230819187275335
88 62 -0.8038986278994014
88 63 -0.6768490687349622
88 64 0.5683220959091537
89 90 -0.25381168764557027
89 91 -0.12727986763146748
89 92 -0.3772465938226435
90 91 0.008652340895055177
90 92 -0.36069552609414535
91 92 -0.5690592909740206
89 69 -0.6959733434244828
89 70 -0.887848893492938
89 71 0.9083036342737258
89 72 0.912700553476762
90 69 0.03948485172926941
90 70 -0.7419737223881624
90 71 0.4617104595897301
90 72 -0.6179350546747755
91 69 0.21575205217523807
91 70 -0.9392751165042039
91 71 -0.6777735547135888
91 72 0.5782126272751225
92 69 0.7701216463161875
92 70 -0.31335818700800755
92 71 -0.6647503787423359
92 72 0.5023880983869708
89 85 0.1513340801863674
89 86 0.3534822465672276
89 87 -0.1460313700783331
89 88 0.36179540392797427
90 85 0.8115177332563566
90 86 -0.6760657030586343
90 87 -0.3280349930013786
90 88 0.6831069673033305
91 85 0.6692762976995568
91 86 0.3388039121690518
91 87 -0.710601982783851
91 88 -0.8136695282038906
92 85 -0.008441478400227576
92 86 0.8069762159090752
92 87 -0.3617828338418958
92 88 -0.5196311037600732
89 65 0.21297725107366583
89 66 -0.20004124549224
89 67 -0.2429073568161395
89 68 -0.8946271424352805
90 65 0.9785214984652435
90 66 -0.24284564334072667
90 67 0.6359584408120267
90 68 -0.5409408559230562
91 65 -0.8105129625209111
91 66 0.14179968280793287
91 67 -0.7792544499981175
91 68 0.16637808637825713
92 65 0.44857682718641856
92 66 -0.7214013597312332
92 67 -0.024323327714657283
92 68 -0.648715203884439
93 94 0.07431380145038302
93 95 0.7378212798749895
93 96 0.33379413193506235
94 95 0.6938261494481126
94 96 -0.8342343173930418
95 96 0.3835407102977604
93 73 -0.32192958333693555
93 74 -0.6902942125118867
93 75 0.9271518578645999
93 76 -0.0209052236420193
94 73 0.9356784906176963
94 74 -0.0721964820746015
94 75 0.4228666915185584
94 76 -0.4546304301623134
95 73 -0.22054095467897428
95 74 0.05609565139248751
95 75 0.406202620393906
95 76 -0.07473956932783654
96 73 -0.324066648848641
96 74 -0.40756213597116653
96 75 -0.42695587623507136
96 76 -0.6279684560219951
93 89 0.31598817907926713
93 90 0.7373311074090039
93 91 0.5178530109810804
93 92 0.8705731779137749
94 89 -0.17131739849422067
94 90 0.8977807644504578
94 91 0.16378256934380198
94 92 0.7212996862791494
95 89 -0.825180587973884
95 90 -0.463590728128525
95 91 0.4613583841935853
95 92 -0.07491964236644355
96 89 -0.8139497379024929
96 90 0.6615596409240083
96 91 -0.09944051016293853
96 92 0.4284525576026692
93 69 -0.6880513749843329
93 70 -0.5964407081919738
93 71 0.09669635810017296
93 72 -0.06437803370837436
94 69 0.19081800500308987
94 70 -0.7387902044923094
94 71 0.9160828609791762
94 72 0.47551072774171543
95 69 0.6117121829376229
95 70 0.04095526635326796
95 71 0.7387110281064173
95 72 -0.34909382239770537
96 69 0.40030006521653627
96 70 -0.4429095094814468
96 71 0.7602568381379955
96 72 0.6020042053200758
97 98 -0.2927206119159649
97 99 0.5833664710114521
97 100 0.013979183304234866
98 99 0.655741346944936
98 100 -0.1130918921884605
99 100 -0.28132996067985516
97 77 -0.6308806429313658
97 78 -0.9567905409158157
97 79 -0.8112399698031774
97 80 0.5307613178339576
98 77 0.21276996406748716
98 78 -0.10505911992368899
98 79 0.8411836839117512
98 80 0.8393609667727056
99 77 -0.5668626297334332
99 78 0.9899274983470279
99 79 -0.8694553000123062
99 80 0.33277322893383476
100 77 0.33200338856909517
100 78 -0.48983057830325905
100 79 -0.45973865620498433
100 80 -0.7929772907010446
97 93 -0.8805346453585972
97 94 -0.3927848081637735
97 95 -0.5832181161185086
97 96 -0.4741675677012849
98 93 -0.315301098538997
98 94 -0.8105663406563004
98 95 -0.7030144783245824
98 96 0.605527136281182
99 93 -0.35587316899997057
99 94 0.46946943763210713
99 95 0.13669771601712322
99 96 0.6506611955914454
100 93 -0.5633386431968912
100 94 -0.12981627394275796
100 95 -0.31269043432317356
100 96 0.963540180520186
97 73 0.874262255148055
97 74 -0.46915933484169114
97 75 0.6153799966361895
97 76 0.08907835524712326
98 73 -0.9541997931560298
98 74 -0.1277759595152621
98 75 0.23142921229974145
98 76 -0.429590802218176
99 73 0.5572173116729011
99 74 0.5732950977572389
99 75 0.12680137485273235
99 76 -0.8852268535584962
100 73 0.9524734200513556
100 74 -0.9143370621476634
100 75 -0.9424126737933205
100 76 -0.9072638441286709
5 21 0.6213064956275836
5 22 -0.5217853764866618
5 23 -0.16138750893226672
5 24 -0.8121367774390271
6 21 -0.03668984494436556
6 22 0.05378749441160102
6 23 -0.10396975231867134
6 24 0.11325548502545812
7 21 0.22367178962607692
7 22 0.8824740633638075
7 23 0.6967061320336458
7 24 0.4914880038183824
8 21 -0.6299013699588667
8 22 0.08598329815276862
8 23 0.36020226318608284
8 24 -0.5663050127152498
9 25 0.5080908836027334
9 26 -0.19468628988473125
9 27 -0.22042155192591584
9 28 -0.9485685233252128
10 25 -0.321174507894999
10 26 0.43730708863938617
10 27 -0.26891116624089717
10 28 0.9578937733869888
11 25 -0.004361165182988236
11 26 0.0967774997075932
11 27 0.4714377539434238
11 28 0.11845385618526971
12 25 0.0040929418145891905
12 26 -0.6661505434068706
12 27 -0.06846807053690784
12 28 -0.04656143184983419
13 29 0.759348610771923
13 30 0.6907733996077539
13 31 0.9800866863710784
13 32 -0.4900404920677539
14 29 -0.3043600250560474
14 30 -0.49986986036438874
14 31 0.9142498840039701
14 32 -0.1004809559128792
15 29 -0.32985165089637203
15 30 0.49372913535222795
15 31 -0.6328706425861677
15 32 -0.7169974572734108
16 29 -0.7889284322849248
16 30 -0.8998141418030061
16 31 0.5895552859698581
16 32 0.03770338281764407
17 33 0.7255612111032892
17 34 0.7157710045240506
17 35 -0.17967975055685215
17 36 0.5361791950707946
18 33 -0.3219302182159931
18 34 0.6495816532179148
18 35 0.3915462793295754
18 36 -0.06006368652663174
19 33 0.31289744653438567
19 34 -0.39061517565110404
19 35 0.05714837907221981
19 36 0.2101007402612325
20 33 -0.6124636426056322
20 34 0.11312784685263533
20 35 -0.9685898895591314
20 36 -0.34831465508551784
25 41 -0.07615606225062277
25 42 0.5140801428426012
25 43 0.7861151994079512
25 44 0.5362424218605439
26 41 0.6404793871438716
26 42 -0.1616337935093679
26 43 0.0934417392988165
26 44 0.7487671943822842
27 41 0.6048406369818835
27 42 0.9797694524795808
27 43 0.3085703734300447
27 44 0.05001319042525698
28 41 -0.8860287348492308
28 42 0.5947061775183109
28 43 0.36025500083593354
28 44 -0.8224849602710431
29 45 0.8056101211070004
29 46 0.45757674531636794
29 47 0.8156976687377415
29 48 -0.020664047415519082
30 45 -0.7609315325628501
30 46 0.902970904492407
30 47 0.9056154980473718
30 48 -0.8334945344618083
31 45 0.3013497956876301
31 46 -0.384524831104732
31 47 0.7941707761556738
31 48 0.19510336893166969
32 45 0.606396341105045
32 46 0.46052795934693713
32 47 -0.3291272475333038
32 48 -0.689420120781038
33 49 -0.640421662090936
33 50 -0.27387621568646714
33 51 0.11731698987596384
33 52 -0.008309681281998493
34 49 0.8851058558838358
34 50 0.8555091917960689
34 51 0.4870238561750897
34 52 0.5187922110039913
35 49 0.2504917194678553
35 50 -0.34914111723359365
35 51 0.2098163871662868
35 52 0.22752249108884093
36 49 -0.676443468233374
36 50 0.01998776582222561
36 51 0.296008807133485
36 52 0.9001896786229651
37 53 -0.49947374872742434
37 54 0.5358549904793397
37 55 0.09142656246785696
37 56 0.901176297049981
38 53 0.6808034024274157
38 54 -0.37805378788588917
38 55 0.09399041246268114
38 56 -0.25096661694509526
39 53 0.38396329141592433
39 54 0.8705708465049333
39 55 -0.4830184643502007
39 56 -0.1510199716524665
40 53 0.8737630195837252
40 54 -0.7086508455762295
40 55 -0.5889704549296135
40 56 -0.04169844656736221
45 61 0.09456138323397978
45 62 0.9654061428285903
45 63 0.7791999065790927
45 64 0.6892786223330107
46 61 0.09755195170514774
46 62 0.26191177858998094
46 63 -0.9029037322024678
46 64 0.4715335131046694
47 61 -0.20961305921096107
47 62 0.9285465521445007
47 63 -0.5409432349973369
47 64 0.9227643961832781
48 61 -0.8001431253319873
48 62 -0.6174224057795878
48 63 0.022437614325395483
48 64 0.17763993919181642
49 65 0.9402898234557713
49 66 -0.7586635297486699
49 67 -0.6722089167492655
49 68 -0.5561289080869973
50 65 -0.029414500014019795
50 66 0.6032398986715142
50 67 -0.865805067373006
50 68 -0.9071445719649622
51 65 0.8616461914068467
51 66 0.913421902405896
51 67 -0.451489281464176
51 68 0.2418144274521259
52 65 -0.8871570875807924
52 66 -0.046412627086495295
52 67 -0.03232343503911883
52 68 -0.1253376845627563
53 69 -0.5274811320826565
53 70 0.12423973911625863
53 71 0.516097358664132
53 72 -0.3745261833203146
54 69 -0.9638482127046404
54 70 0.6533653685280509
54 71 0.5424652866278472
54 72 0.9902255142111922
55 69 0.8658068065974389
55 70 0.6588298405195414
55 71 -0.8968593330620369
55 72 -0.9713229633985174
56 69 0.5636788462901352
56 70 0.8294691530370553
56 71 0.5187602176635164
56 72 -0.049274846898560654
57 73 0.607665290518453
57 74 0.31905949602264205
57 75 -0.4195209502080959
57 76 -0.34477582084770564
58 73 0.7805078352685533
58 74 0.6310762261205207
58 75 -0.6336188827746063
58 76 0.3550212160102253
59 73 -0.46580379876854794
59 74 0.4413025546972076
59 75 -0.9014402387760587
59 76 0.6659084139081064
60 73 -0.2758327738895807
60 74 0.17221551176834393
60 75 -0.8471641230284817
60 76 0.32748312904545585
65 81 -0.15327937074275133
65 82 0.29506313586820876
65 83 0.6781683436566854
65 84 0.14796712638159826
66 81 -0.4081066519126302
66 82 -0.21175657207725984
66 83 -0.9223021158704854
66 84 -0.6074298766961361
67 81 0.9464557836932685
67 82 -0.9048226190641186
67 83 0.5236544195374435
67 84 -0.8175697617267168
68 81 0.5255036675861153
68 82 -0.776268464626928
68 83 0.33382749299233816
68 84 -0.30901879388447795
69 85 -0.8403854039006635
69 86 -0.9066124077075253
69 87 0.7041526119444574
69 88 -0.5490938090935222
70 85 -0.9889224012649038
70 86 -0.4526923077868483
70 87 -0.9593182041076072
70 88 -0.4827130639693429
71 85 -0.1634615453070536
71 86 -0.336612984156867
71 87 -0.8710630702289042
71 88 0.3131183952189931
72 85 -0.0789934214160426
72 86 0.6762213956403398
72 87 -0.7409612433630197
72 88 -0.7095327272651097
73 89 -0.051546168245808044
73 90 -0.8076000511200323
73 91 0.7485470719751726
73 92 -0.12432543704883625
74 89 -0.6108991145904106
74 90 0.14810276674166345
74 91 0.1590865740966012
74 92 -0.6941583762403991
75 89 0.37046451103472844
75 90 0.3635129103792547
75 91 0.23770272419857186
75 92 0.005494517265954624
76 89 -0.3019289486902583
76 90 -0.9979691427943134
76 91 0.5474170377559942
76 92 -0.5479427179357779
77 93 0.5364425313884524
77 94 -0.19423355554952249
77 95 -0.716045320286933
77 96 0.0002592145621000963
78 93 -0.0932603280792399
78 94 0.3546106476072828
78 95 0.34808338563109076
78 96 0.8152753830688102
79 93 0.2288666587714938
79 94 -0.47084161063141394
79 95 0.6711240613472675
79 96 -0.7418242401394008
80 93 0.37610271711884047
80 94 -0.965649420298049
80 95 0.41394625614158054
80 96 0.7564963184727092
