# 
1 1 -1.9848895249806988
2 2 3.501681373709731
3 3 0.7283440628628606
4 4 0.037869584792225
5 5 -2.767108691802576
6 6 -0.9558977387632908
7 7 -2.125384597638581
8 8 -3.9498903390091913
9 9 -0.1512528003976427
10 10 -3.127085368344731
11 11 0.9782535009146072
12 12 3.610168747825324
13 13 -3.9603629747944726
14 14 -3.3349086399380443
15 15 -1.349414673065472
16 16 -1.52675464342071
17 17 0.6430284418626915
18 18 3.890157538570894
19 19 2.6590913686329056
20 20 3.0688238773917647
21 21 -0.8043124263888659
22 22 2.9057811144385592
23 23 2.1969749167373305
24 24 -2.8669967615690606
25 25 -3.638852186737611
26 26 -0.5869115594435748
27 27 2.0983316951403435
28 28 -3.53414410133325
29 29 -3.1752063461881974
30 30 0.5880603875863342
31 31 -2.664001370472397
32 32 2.244608919830182
33 33 -0.5946372713415897
34 34 -3.624916922301714
35 35 -2.4056502340703423
36 36 -1.7584375233368483
37 37 3.9626906381582536
38 38 -1.0713256713008308
39 39 -2.0290984798117995
40 40 -0.8209944383312697
41 41 3.4492578514345915
42 42 1.8099702468612069
43 43 1.4686540692045185
44 44 -0.337635739623126
45 45 2.7245127381309846
46 46 -2.2863893931779824
47 47 3.1113704508548183
48 48 -2.406736156742647
49 49 2.8701313237901225
50 50 -1.6206317106121615
51 51 1.998290660883436
52 52 -3.997311331836528
53 53 -0.4205452696360376
54 54 0.4577832961562782
55 55 -2.0983533719735847
56 56 -0.3681964967522031
57 57 1.2369472005842257
58 58 -3.323267545430132
59 59 1.1278607433164414
60 60 2.7207144760745967
61 61 0.0427519667101963
62 62 -0.4350393490746871
63 63 0.1195209573569924
64 64 2.6137255371847656
65 65 1.7507692028456523
66 66 2.492855082535276
67 67 -0.8969587532168717
68 68 1.3559107521371878
69 69 1.654897902458277
70 70 0.6211863356433023
71 71 -2.401747935347264
72 72 0.5899655699110387
73 73 3.4179048599129898
74 74 -1.6760859200472646
75 75 0.2989275660590946
76 76 1.2502705949826467
77 77 -0.2302534724748213
78 78 3.3714013950707
79 79 -3.363972182593372
80 80 -0.09736744419612
81 81 -0.781196177709556
82 82 1.7105557787515124
83 83 -3.2525550758606023
84 84 -0.6227776125271287
85 85 -3.9733923461376497
86 86 -1.6902417055934498
87 87 0.5265023577412453
88 88 -0.3167846829959835
89 89 3.3985662164423687
90 90 3.637147969923476
91 91 -0.6357594516736498
92 92 -1.3253719567562845
93 93 -0.2511934371555275
94 94 1.4874120768178516
95 95 3.1786001288037085
96 96 3.2829747043562367
97 97 1.4300074088346104
98 98 -2.015997133840292
99 99 3.669628284373501
100 100 -1.8051277145139852
101 101 3.403063397960347
102 102 -3.8141135603168568
103 103 1.7296208202213563
104 104 1.1013421855580692
105 105 -1.4966283076691085
106 106 0.2943474268808845
107 107 -0.097432805107684
108 108 -0.5118408691509684
109 109 -0.3062631370507667
110 110 -1.3101908881981732
111 111 3.8907708121891735
112 112 0.9551889797002078
113 113 3.625005863367836
114 114 -1.2471883279141016
115 115 2.2862369366898188
116 116 -0.0074424926476268
117 117 2.326544114010731
118 118 -1.0944979104933203
119 119 -0.7221135651164134
120 120 -2.5997063897168413
121 121 2.577600535837268
122 122 2.28067382933366
123 123 0.8288289082610509
124 124 2.0250770272864136
125 125 1.484620878562111
126 126 1.8770462242597492
127 127 0.7741431816424775
128 128 1.5044540534920197
129 129 0.5235443672861937
130 130 -0.970346673500825
131 131 3.668987111631891
132 132 -3.70289251970898
133 133 -2.8982014829305687
134 134 0.5336554355082335
135 135 -3.500582208661044
136 136 -0.5907483851978954
137 137 -1.6741236865928748
138 138 -2.399024614208267
139 139 3.1795205589503865
140 140 1.2011940262035967
141 141 -2.303159956132397
142 142 2.858754218237947
143 143 -1.0716095531644738
144 144 -0.4337080224554146
145 145 0.528513148506474
146 146 -0.3364790710136338
147 147 2.9714876512876227
148 148 3.515389604039642
149 149 -2.9094418136835865
150 150 3.1246848170234207
151 151 -3.956954235672717
152 152 2.6718708754677643
153 153 0.2606433883887513
154 154 -1.2490082179069146
155 155 1.9997894938765333
156 156 -2.4428421052743525
157 157 -2.0642228995670147
158 158 3.474301350245745
159 159 -0.808507045533978
160 160 -0.6072738672774154
161 161 -1.8875170563080117
162 162 0.3614037495674269
163 163 3.7559061740477215
164 164 -3.6037315993098815
165 165 3.052658215836129
166 166 -2.2065066610552844
167 167 0.4065575042117499
168 168 -0.8495373205902865
169 169 -3.876062762129156
170 170 -2.664350977312348
171 171 -0.2227025315475757
172 172 -3.491860272484808
173 173 -3.894236965373288
174 174 1.7450142607731118
175 175 -0.9004613682459901
176 176 -0.6804935856218792
177 177 -0.9887309310799052
178 178 -0.4373961727092803
179 179 -2.4619832644452373
180 180 -1.8547581034966465
181 181 3.089228696837128
182 182 -0.3612644345406721
183 183 -3.2672672449336417
184 184 -3.8560776247187416
185 185 2.241711157518573
186 186 0.0373892964764159
187 187 3.7773659106407385
188 188 1.8422470357645315
189 189 3.327669903870622
190 190 -3.021265157524712
191 191 3.386684918279019
192 192 -2.819669585981707
193 193 -1.478322397567049
194 194 1.4489635944750408
195 195 1.6286005181143368
196 196 -0.3761530615800437
197 197 -2.2967754558978086
198 198 -0.6079492523237278
199 199 0.9284899737155669
200 200 1.2310081559048929
201 201 0.3802113354836516
202 202 -2.0283169381354518
203 203 3.4841987260502725
204 204 2.849970934708339
205 205 -0.5184190569077272
206 206 0.894512231149891
207 207 -3.4813307529966364
208 208 -2.748556723679896
209 209 1.6620860213216204
210 210 -3.423879108808181
211 211 -1.3253485554032656
212 212 3.319336214190004
213 213 0.1455381327677383
214 214 0.8021607090937506
215 215 -3.56192407759671
216 216 0.1693094940421717
1 5 -0.0772885643270266
1 6 0.8781214370512751
1 7 -0.8593969432292521
1 8 -0.4921820689104006
1 13 0.9794656194191476
1 14 0.3937538901458108
1 15 -0.4363397752842721
1 16 0.0412724119951852
2 1 -0.3003087545830656
2 5 0.2286002124376691
2 6 0.4982777221388115
2 7 -0.2362552333880332
2 8 -0.8173121677068049
2 13 0.013749878801589
2 14 0.6440303874117499
2 15 -0.7988202139061904
2 16 -0.7893881758592882
3 5 0.8425539929601045
3 6 0.30129491179341
3 7 0.2930044327698007
3 8 -0.4767133579879148
4 3 0.6213471887406279
4 5 -0.0196553999169761
4 6 0.1445880308351108
4 7 0.1914360939231536
4 8 0.6443503025215545
5 6 0.510745191881482
5 29 0.7475105018581663
6 30 -0.6904459527392002
7 8 -0.7229164765041818
7 31 -0.3335887397295687
8 32 0.3506093253437026
9 5 -0.731457769032841
9 6 0.3609440169671671
9 13 0.7131651243461934
9 14 0.7181639062107119
9 15 -0.5293530679053386
9 16 0.941435305870751
9 21 0.9676220882887016
9 22 0.4932943039934816
9 23 0.639489689567853
9 24 0.1753008447011921
9 79 0.1594858515345067
9 80 0.1213147260204812
10 5 -0.2675611096600807
10 6 -0.5524589520330672
10 9 -0.978668895890805
10 13 -0.0417999103836492
10 14 0.2529013023263244
10 15 -0.5975998960119087
10 16 0.7134760855487079
10 21 -0.1462861886227948
10 22 -0.0554212619025873
10 23 0.4757872003803249
10 24 0.1970449056585845
10 79 -0.2689188957496546
10 80 -0.0940271410073412
11 5 -0.3031505879303835
11 6 -0.979931314639548
11 13 -0.7400595769215126
11 14 -0.5044691196441671
11 15 -0.9011988537812274
11 16 0.744253611580767
11 79 -0.8407396199450383
11 80 -0.3380934398632591
12 5 0.5248282166546443
12 6 0.4554040333807045
12 11 0.6661816386075252
12 13 -0.5681616263536122
12 14 -0.8652862704489359
12 15 -0.1810289050921067
12 16 0.3705661237886579
12 79 0.9260983596492104
12 80 -0.7803491361212251
13 14 0.514666833793457
13 37 0.4773459320947164
14 38 -0.3825997909492702
15 16 -0.5833852125610288
15 39 0.0189404749202326
16 40 0.1622328415300897
17 13 0.5192668083757701
17 14 0.1052733942293924
17 21 0.990724970480022
17 22 -0.6222321919094453
17 23 -0.4963409528723532
17 24 -0.3854932974461451
17 87 0.7408662756025723
17 88 0.4866654453019807
18 13 0.9746245670447844
18 14 0.25954666858393
18 17 -0.5881955163642298
18 21 -0.9506483342733264
18 22 -0.0204047705247889
18 23 -0.5666202610231807
18 24 0.4953817658521575
18 87 0.4625756266651715
18 88 0.798207289517523
19 13 0.3230569658707023
19 14 -0.3134358153863703
19 21 0.3420446620666173
19 22 -0.956655150734148
19 23 0.1918528066210683
19 24 -0.4237545292968261
19 77 -0.0674086150590866
19 78 -0.911124350572826
19 79 -0.0407048043677797
19 80 0.4127730371999061
19 87 0.2075055879284055
19 88 0.1894781478728811
20 13 -0.1776825409919118
20 14 -0.0499474713524035
20 19 -0.3488828166007545
20 21 -0.2056309293253444
20 22 -0.7296504986220853
20 23 0.5803106020462425
20 24 -0.3903596013883204
20 77 -0.1131345956004632
20 78 0.1741336238146678
20 79 0.9335846264773664
20 80 0.4621145792038978
20 87 -0.0797865462559321
20 88 -0.0634320898848552
21 22 -0.2968600224240487
21 45 0.8427352350164861
22 46 -0.5198301122503981
23 24 0.268577136636601
23 47 0.7939643795620588
24 48 0.936103905638769
25 23 0.2511383431594585
25 24 -0.6947037421588891
25 29 0.9790714802913294
25 30 -0.8360506493901387
25 31 0.892326118876299
25 32 0.1776042508055455
25 37 0.9750803770594674
25 38 0.0920632215913501
25 39 -0.551563023076048
25 40 0.100766280719118
26 23 0.4575519839974862
26 24 -0.4687608155377833
26 25 -0.1783045698619723
26 29 -0.7400046519771919
26 30 0.3045379260258098
26 31 -0.7843229064630184
26 32 0.357593440385475
26 37 -0.5093347590742849
26 38 -0.9775616602653135
26 39 0.6015735281091852
26 40 0.8779042427517236
27 13 0.4825857467993348
27 14 -0.8326034963526465
27 15 -0.1534952098409674
27 16 -0.658513733509942
27 23 0.944769635193881
27 24 0.4699343414819812
27 29 -0.9421023724154918
27 30 0.3574903766623358
27 31 0.8335093412054415
27 32 0.8519625378966433
28 13 -0.4384294873796066
28 14 -0.474010274941822
28 15 -0.4465809577181021
28 16 0.3974884351853043
28 23 0.7613202310372384
28 24 -0.6202752696547376
28 27 -0.1124833881104219
28 29 -0.579378917794076
28 30 0.1191680159562216
28 31 0.2270862318492035
28 32 -0.7126412539056688
29 30 -0.4198388082708819
29 53 0.2169588720195394
30 54 -0.7642215056561912
31 32 -0.649826444184439
31 55 0.708716170928944
32 56 -0.820559871023389
33 29 0.2487550281906219
33 30 0.7994551867436615
33 37 0.6199351988205271
33 38 0.814409023620015
33 39 0.960723267389456
33 40 -0.0603780252081449
33 45 -0.9242622875921298
33 46 0.9061755582014664
33 47 -0.4893372692706941
33 48 0.4803318482253185
33 103 -0.0316619130539728
33 104 -0.6686376033770685
34 29 -0.1024824366414676
34 30 -0.250478886562844
34 33 -0.6207992315616784
34 37 0.3727852410641565
34 38 0.9344736206910298
34 39 -0.1842921621445841
34 40 0.1916427882609228
34 45 0.9855405487337748
34 46 0.0905492954300191
34 47 0.4793707729524037
34 48 0.505714525822238
34 103 -0.5629889787549625
34 104 -0.7496391086856611
35 21 0.5548730558893846
35 22 -0.387107918643419
35 23 -0.16344858291223
35 24 0.0134350485555814
35 29 0.357487098370715
35 30 0.3733557453641278
35 37 -0.543044472515545
35 38 0.0478273659387766
35 39 0.7345021721800127
35 40 -0.4551014393122861
35 103 -0.271887223212367
35 104 0.9397071138836202
36 21 -0.0941472997078891
36 22 -0.6213936825828206
36 23 -0.7323322850965066
36 24 0.5370117177698088
36 29 0.7006023243710187
36 30 -0.9711232023417986
36 35 -0.7601292444204406
36 37 0.7121527569197095
36 38 -0.3280266450426283
36 39 -0.8870880917952471
36 40 -0.3054238322898337
36 103 -0.8147018915441622
36 104 -0.9514979459800896
37 38 0.3438878379207002
37 61 -0.1391852163638351
38 62 -0.628947657969658
39 40 0.5615903707090977
39 63 -0.9680249855134218
40 64 -0.6215282948742014
41 37 0.9189417427035468
41 38 -0.4933056131685585
41 45 -0.2755390385407907
41 46 -0.0858312480039338
41 47 0.6526056221404981
41 48 0.5527846969285302
41 111 0.9881192419052428
41 112 0.9068914878650572
42 37 0.3977069232460548
42 38 -0.8022634171263767
42 41 0.0472987596146154
42 45 -0.6006127669347041
42 46 -0.4182626671705356
42 47 -0.0267739327225757
42 48 -0.1097087661477664
42 111 0.8359306536138231
42 112 -0.0339654394560795
43 37 -0.5671437474502465
43 38 0.6085648002229735
43 45 0.7354384247274706
43 46 -0.8549146779150769
43 47 0.8903068492597825
43 48 0.5602604448124311
43 101 -0.4366329808713782
43 102 0.5170529754338165
43 103 0.5575447704453442
43 104 0.1873726881192157
43 111 0.7449252165298037
43 112 -0.4893029684067722
44 37 -0.1094599744607178
44 38 0.2130708456726451
44 43 -0.487619453512079
44 45 -0.0104381132050821
44 46 -0.3383653504444346
44 47 -0.5428568375092644
44 48 -0.9984731189335788
44 101 -0.9659714747939108
44 102 0.9240425793135768
44 103 -0.4810863743740428
44 104 0.8536650493007938
44 111 -0.7776323913603622
44 112 0.0959719485283341
45 46 0.4802674896908934
45 69 0.8202345084178848
46 70 -0.7218554423294237
47 48 0.259518698678796
47 71 -0.2810294895778602
48 72 0.0218063599359794
49 47 -0.1976145879572748
49 48 0.7054198281542281
49 53 0.0525523519927475
49 54 -0.1483643727176247
49 55 0.0744307806400408
49 56 0.8897930568137029
49 61 -0.3372411447732399
49 62 -0.0175818217792453
49 63 0.4872368475779316
49 64 0.0043724754345042
50 47 -0.6653533727837266
50 48 -0.3215705122956056
50 49 0.7798601407716117
50 53 0.6585573372941143
50 54 0.4120349931411262
50 55 -0.3429784041548531
50 56 0.9912832737278228
50 61 0.1964092175804328
50 62 0.92481309261422
50 63 -0.659801899887775
50 64 -0.6223731256679039
51 37 0.5684476384175292
51 38 0.493288837922625
51 39 0.2302549980731461
51 40 -0.2617305639075571
51 47 0.1246538436387623
51 48 -0.6613148284956092
51 53 -0.7940764504257702
51 54 -0.4459535443451807
51 55 -0.0827972575572639
51 56 0.180738177634061
52 37 -0.4253416020006986
52 38 -0.9583576929353426
52 39 0.5552604021513092
52 40 -0.3413521814332296
52 47 -0.946238470494594
52 48 0.9906325982858076
52 51 -0.9970999276269112
52 53 -0.4666486004965675
52 54 -0.1132506697542825
52 55 0.1204209631364281
52 56 0.1581555050741152
53 54 0.1125319949398093
55 56 0.9406781029563256
57 53 -0.7649377274100537
57 54 -0.4421805357948309
57 61 0.8358657455574026
57 62 0.8068783378257764
57 63 -0.8835906654108192
57 64 -0.3325131068677038
57 69 -0.1861850962388791
57 70 -0.1706404219678647
57 71 -0.4623336774426763
57 72 -0.8730240542708716
57 127 0.7214926659090815
57 128 -0.9294776350763196
58 53 0.1363016121099804
58 54 -0.99632178953145
58 57 0.1774177011345887
58 61 0.4187311707615182
58 62 0.2401599629656428
58 63 -0.8576311590241681
58 64 0.5358396860732384
58 69 -0.6319372398225891
58 70 0.97520165042742
58 71 0.487309316131653
58 72 -0.2307457407373079
58 127 -0.004382495658632
58 128 0.5404034701119518
59 45 -0.0264552811712586
59 46 0.7861835152688861
59 47 0.1701095918388506
59 48 -0.1485824951037349
59 53 -0.3426452185281907
59 54 -0.4802023012377965
59 61 0.1557065088298159
59 62 -0.0433295353942548
59 63 -0.3986716874538814
59 64 0.096920525332947
59 127 -0.3502135212244046
59 128 0.2498598363519757
60 45 0.385863363439503
60 46 -0.3259992646333043
60 47 -0.3109621850279449
60 48 0.5185623167824911
60 53 -0.16496879859483
60 54 -0.6650680339523989
60 59 0.129605079067911
60 61 0.8809495394656071
60 62 -0.4355899947323116
60 63 -0.3128498469600604
60 64 -0.3166808099739182
60 127 -0.2240323315680421
60 128 0.4578338970212343
61 62 0.619216894511952
63 64 -0.8941553362810375
65 61 -0.2279390380225781
65 62 -0.9123112552178588
65 69 -0.8503398273364737
65 70 0.1779888057691059
65 71 -0.5650960430385199
65 72 0.8107452489742499
65 135 0.2669838583074118
65 136 0.2310639369849849
66 61 0.167807412593173
66 62 0.0860996613759315
66 65 0.0025559049245202
66 69 -0.3801564360921317
66 70 0.5162117374223547
66 71 -0.6532916364090064
66 72 -0.3606321232926772
66 135 0.3441260556999408
66 136 -0.8107750600434747
67 61 0.8791801442818143
67 62 -0.6220738573796587
67 69 0.2663741431665192
67 70 0.5257421716711339
67 71 -0.79011829055627
67 72 -0.3317113385523986
67 125 -0.837232353303548
67 126 -0.3382138370852614
67 127 -0.2176968637733445
67 128 0.6556069044422881
67 135 0.7529931945387978
67 136 0.2652754116884017
68 61 -0.6383582855622454
68 62 0.6172547674289972
68 67 -0.1332389658737285
68 69 -0.2871908813156876
68 70 0.723923522525745
68 71 0.1001507627708746
68 72 0.0131869693596478
68 125 0.8770196592532087
68 126 0.4432359429200374
68 127 0.4254768049991153
68 128 -0.4217172494773851
68 135 -0.9724766652449532
68 136 0.0512140696858247
69 70 -0.0712671214000026
71 72 -0.4052632261426201
73 1 -0.1346394957851659
73 77 0.4782761338825436
73 78 0.5658367473981203
73 79 0.4351930600864158
73 80 -0.4089180048283205
73 85 0.9235218305589856
73 86 0.0822512551244076
73 87 0.0991389780796945
73 88 -0.9036326704979716
74 2 0.4297407834132674
74 73 -0.7278478184829609
74 77 -0.2904174377276218
74 78 0.258747419946068
74 79 -0.0687182927407326
74 80 -0.9810017035183032
74 85 -0.6355891175058916
74 86 0.3854805570975703
74 87 -0.6048980799998256
74 88 0.5716816144011554
75 3 0.5349495738691077
75 77 0.5973143630167459
75 78 -0.7098548209793119
75 79 0.8656433326963044
75 80 -0.1783023942776131
76 4 0.8609758785008927
76 75 -0.4608259191939234
76 77 0.7642754614681522
76 78 0.2680145128478468
76 79 0.4877467918583344
76 80 0.6161632502563823
77 78 0.6768174275328585
77 101 -0.0787405798330276
78 102 0.3865831442477736
79 80 0.9574885583479168
79 103 0.9309301334309888
80 104 0.4733950253079446
81 9 0.0282982246427514
81 77 -0.3031231056740526
81 78 0.90606461206955
81 85 -0.4917214824636096
81 86 -0.5359865118423117
81 87 0.0684740315785816
81 88 0.626877055903295
81 93 -0.1883745897926336
81 94 -0.3362769127034635
81 95 -0.3437139439809853
81 96 -0.0470356593054295
81 151 0.2798044407281828
81 152 0.4319330321492811
82 10 -0.5357556896500366
82 77 0.0736520057645935
82 78 0.8599749286611413
82 81 -0.0046840190416088
82 85 0.0576754860021457
82 86 -0.1525257888053148
82 87 0.6302261980832022
82 88 -0.4954029164304991
82 93 -0.3176044662137691
82 94 0.84107842299578
82 95 0.7988645195500244
82 96 0.270022990096572
82 151 0.590411248817952
82 152 -0.1481468616829924
83 11 -0.4709368384865842
83 77 -0.8050402239868548
83 78 0.4453283126941043
83 85 0.422130179987251
83 86 0.6418831664595199
83 87 -0.2202193601255535
83 88 0.2744507526270849
83 151 -0.4016459076770502
83 152 0.5273864832490898
84 12 -0.3473275120075596
84 77 0.3419619309096313
84 78 0.2888380552097633
84 83 0.4783082827987412
84 85 -0.6514374535092253
84 86 0.4647420890728289
84 87 0.8347861175842581
84 88 0.5443910665588949
84 151 -0.6899819454285092
84 152 0.6234308865291542
85 86 0.2948643440562057
85 109 0.925032839389311
86 110 -0.4114435064119475
87 88 0.7549463344256424
87 111 0.2159106092874678
88 112 0.2029598087599824
89 17 0.9880479275633104
89 85 -0.6848142074497288
89 86 -0.685554023733687
89 93 0.5977075791718005
89 94 0.752791281327994
89 95 0.6548542108719553
89 96 0.1223572580676819
89 159 0.7733826332033351
89 160 0.8766358253060464
90 18 -0.6932670569816948
90 85 -0.6966094725806775
90 86 0.4806438121505307
90 89 0.86115285672772
90 93 0.8656862697027163
90 94 -0.7873525001957662
90 95 -0.7152740842277849
90 96 0.5792811007961165
90 159 -0.3785007553789181
90 160 0.54531392796148
91 19 0.2404218357046461
91 85 -0.3482538866001279
91 86 0.3467692886951199
91 93 -0.0646772481855006
91 94 0.0370072821738716
91 95 0.4690507117518852
91 96 -0.6688603586379795
91 149 -0.73258696010294
91 150 -0.1575400194397631
91 151 0.4524503146089871
91 152 -0.3569777156979781
91 159 0.975614175206536
91 160 -0.2231102223165895
92 20 0.1999708523612877
92 85 -0.5295803746976089
92 86 0.4950201977908459
92 91 0.6645875667731078
92 93 -0.0249387724755001
92 94 0.5277445508665097
92 95 0.3058577578641408
92 96 -0.8450370636610347
92 149 0.1425095610747559
92 150 -0.6456592627203246
92 151 -0.0918228740370661
92 152 -0.2788179001462498
92 159 -0.487872015429253
92 160 0.2448747844703085
93 94 -0.6068532614576667
93 117 0.9887687324570044
94 118 -0.7227026233399052
95 96 0.3356362003572908
95 119 -0.664362657525065
96 120 -0.5878028950403098
97 25 -0.7570070402435247
97 95 0.3793463626469779
97 96 -0.6666406724743288
97 101 -0.7219604759492955
97 102 -0.4222879044866787
97 103 -0.4424169744420523
97 104 0.8154770007894756
97 109 0.842892354260008
97 110 0.1076910721981607
97 111 -0.5433675287870374
97 112 -0.1251999153051874
98 26 -0.9977220624169448
98 95 -0.2476385498369175
98 96 0.7435404664132037
98 97 0.8855662927065386
98 101 -0.5412601722564458
98 102 -0.8865452285666646
98 103 0.1855642243313038
98 104 -0.5731194499731658
98 109 -0.5168693935462296
98 110 0.4039979607410369
98 111 0.1374979163245475
98 112 0.5233837415793889
99 27 -0.404435979102911
99 85 -0.4266425475158113
99 86 -0.920732176889104
99 87 -0.5398170826696134
99 88 0.8374486096693639
99 95 -0.6600457587291884
99 96 -0.3884991157985242
99 101 0.3318716384732543
99 102 -0.9785729628016826
99 103 -0.2126306275696365
99 104 0.6229721098530243
100 28 -0.8349076256745342
100 85 0.0517914436246969
100 86 -0.6496168583000488
100 87 0.7667562378337895
100 88 0.2495552749877763
100 95 0.0821824796191927
100 96 -0.4743430625176581
100 99 -0.5197194212353617
100 101 -0.4555907599318656
100 102 0.3361673809366907
100 103 -0.5212837236412173
100 104 -0.8584126054026471
101 102 0.8601827619171394
101 125 0.2687633167997785
102 126 0.1131861321428868
103 104 0.0488729985625739
103 127 -0.0294751254588105
104 128 0.3411508117143036
105 33 -0.2685678978976933
105 101 0.2244416298425384
105 102 -0.9026615171367428
105 109 -0.8685830244067223
105 110 -0.019119872520287
105 111 -0.2415260759291115
105 112 0.219466647210198
105 117 -0.0098752383006794
105 118 0.8452688012838812
105 119 -0.0976271795924246
105 120 -0.3776679840746431
105 175 -0.4997065490658088
105 176 -0.8326801865018261
106 34 0.9861155341400814
106 101 -0.8740735042069179
106 102 0.4768414607635081
106 105 0.0945809010946738
106 109 0.4973541778497492
106 110 0.0046392276497173
106 111 -0.501315015468752
106 112 -0.5351417206363731
106 117 -0.7117736259011123
106 118 -0.9508229179248604
106 119 0.2435381391244477
106 120 0.1203472481409615
106 175 0.410548482059774
106 176 0.854382599485408
107 35 -0.3741502417992779
107 93 -0.9787163684234096
107 94 -0.9144275467584492
107 95 0.0478156872959765
107 96 -0.8383863273939236
107 101 0.0386050728149072
107 102 -0.9408808640337488
107 109 0.1632333520754392
107 110 0.4768561255132595
107 111 0.4800926671859513
107 112 0.0270051823049255
107 175 -0.6384354277200863
107 176 -0.5407716980857462
108 36 -0.7120886679322158
108 93 -0.5064854045269944
108 94 0.7219743403613368
108 95 -0.0697351088616256
108 96 0.7670328427619899
108 101 -0.4471424517768783
108 102 0.5066948582216155
108 107 0.5181747693621122
108 109 0.107906623809967
108 110 -0.8184075671946043
108 111 -0.082770245035785
108 112 0.9432399506480332
108 175 0.1199015218295098
108 176 0.924658280915148
109 110 -0.3260558982990316
109 133 -0.6297529852667969
110 134 0.2833836646728647
111 112 0.0364984340273837
111 135 -0.6271715103666502
112 136 0.6479565287994751
113 41 0.0165695678802333
113 109 -0.2316710909418708
113 110 0.4701900813964637
113 117 -0.8847153152276908
113 118 0.791525165940101
113 119 0.607147378061144
113 120 0.5667114626341292
113 183 0.905110661931745
113 184 0.6968249032958287
114 42 -0.3474034108765762
114 109 0.4995459719059361
114 110 0.0042168434006788
114 113 0.4743913149187113
114 117 0.4288804373843886
114 118 0.3844243557137412
114 119 0.8701179412208184
114 120 0.1619851204173741
114 183 0.2120388242943696
114 184 0.6189636221520842
115 43 -0.5469372712260214
115 109 0.3219605159954768
115 110 -0.4123609481959558
115 117 -0.3352242389356021
115 118 -0.867059249676094
115 119 -0.7235439753615514
115 120 0.5441357486475118
115 173 -0.4140974491916716
115 174 0.6063997919157291
115 175 0.8448386978239897
115 176 0.3962233448571803
115 183 -0.5836572683133783
115 184 0.1126337399275385
116 44 0.1480359483794646
116 109 0.5420166801137285
116 110 -0.0910664217463326
116 115 0.0750316124615251
116 117 -0.7988150476054137
116 118 -0.4633032561385373
116 119 -0.2767799744345087
116 120 0.979686861723728
116 173 -0.6648255990424414
116 174 0.6126489440773886
116 175 -0.5685765157235223
116 176 -0.1531176341378102
116 183 0.7622054192067855
116 184 0.9597101046725228
117 118 -0.1114611007966925
117 141 -0.6450137638482294
118 142 -0.998868158092164
119 120 0.6412938757787099
119 143 -0.4791310888311217
120 144 0.5751684755642492
121 49 -0.4872757148945077
121 119 -0.5410972925890751
121 120 0.1925240497132807
121 125 0.5539480304356972
121 126 -0.575807831538534
121 127 -0.5213790409545269
121 128 0.2186427561101345
121 133 0.98932258098485
121 134 0.594719450964099
121 135 0.4881790004797253
121 136 -0.3684821760835248
122 50 0.2655749416838866
122 119 0.6157522151015735
122 120 -0.1382745099779363
122 121 -0.4198083882668957
122 125 -0.6351140768677008
122 126 -0.0203770505684333
122 127 0.7570294388392151
122 128 0.9490494917934684
122 133 0.3210248306851104
122 134 -0.4691367718600094
122 135 -0.5362513432595524
122 136 0.5375173724920548
123 51 0.4271043641500132
123 109 -0.9355923158874592
123 110 0.4947297968011428
123 111 -0.4377742897167809
123 112 -0.0354494210876037
123 119 0.943396092604128
123 120 -0.8433496934191813
123 125 0.4437709676483075
123 126 -0.5668033081151111
123 127 -0.1357031606730689
123 128 -0.1062126126856866
124 52 -0.5153853532720716
124 109 -0.5208308590302695
124 110 -0.1338353442205451
124 111 -0.5358125801263645
124 112 -0.335957228039343
124 119 0.5078438753853496
124 120 -0.428368133146269
124 123 0.3282632835297032
124 125 0.8274154612630755
124 126 -0.6315329029303187
124 127 0.6132048911422066
124 128 0.9589965927613148
125 126 0.5455364952206265
127 128 -0.5506951154923818
129 57 0.630548290252235
129 125 -0.9151828007973126
129 126 0.9068922021103204
129 133 -0.7032631505892684
129 134 0.577687415198358
129 135 0.2260942432261865
129 136 -0.0665901112621918
129 141 0.7299161796284996
129 142 0.9635571369712714
129 143 -0.5839749160000383
129 144 -0.5165619807019068
129 199 -0.1895492736433599
129 200 -0.9798259733842818
130 58 0.5730620202944261
130 125 0.0776375467632717
130 126 0.3124311520777654
130 129 0.2461573119820843
130 133 0.6006615125464254
130 134 -0.1802131601660108
130 135 -0.9212948025908008
130 136 0.9708877430926286
130 141 -0.1835217922826113
130 142 0.4401329717334221
130 143 0.0269911547248056
130 144 -0.6954063893378795
130 199 -0.7753804701695783
130 200 0.075913028490731
131 59 -0.9047300358675524
131 117 -0.0912227976069945
131 118 0.0626652175221367
131 119 -0.6338491146721785
131 120 0.6591096932467002
131 125 -0.6064993976779827
131 126 0.1437677971991739
131 133 -0.6807570938923844
131 134 -0.2166575315840047
131 135 -0.6796755925554645
131 136 -0.1325821448278996
131 199 0.6516039144125771
131 200 -0.5512290837182767
132 60 0.7043935127093561
132 117 -0.3984369285106304
132 118 0.7542216027078281
132 119 -0.40678284027059
132 120 0.9623309470048214
132 125 0.2883109597114441
132 126 -0.2062671530303952
132 131 0.5452378990277635
132 133 -0.7392688616638936
132 134 0.5494450109357261
132 135 -0.7048483402095915
132 136 0.7234658439589947
132 199 -0.0111461875798568
132 200 0.4527063418937149
133 134 0.1145287918729072
135 136 -0.6793458383397466
137 65 -0.0254226219596225
137 133 -0.898894745402796
137 134 -0.8353511957008892
137 141 -0.6635841564252143
137 142 -0.6593329602542344
137 143 -0.4833454558820422
137 144 -0.1701269405736203
137 207 0.1930732029171469
137 208 -0.2387005057468476
138 66 0.1392706388041273
138 133 -0.2830900960029718
138 134 -0.5796637913520011
138 137 -0.9973741116986818
138 141 0.3327570131078763
138 142 0.9296732862360646
138 143 0.2620858387082101
138 144 -0.0538323644519005
138 207 -0.3416880183593265
138 208 -0.7963673877257573
139 67 0.7258088108319363
139 133 -0.6461689424617625
139 134 -0.2994562811843504
139 141 0.3297861303044331
139 142 -0.3362801263178727
139 143 -0.1553514222914702
139 144 -0.1507196367272272
139 197 -0.7580678320119056
139 198 -0.5489374411584125
139 199 0.8745322830877782
139 200 0.2944537548675503
139 207 0.2952247684762452
139 208 0.5314594395631762
140 68 0.7527695375357786
140 133 -0.5295248078761803
140 134 -0.9138422808178044
140 139 -0.2479301969026577
140 141 0.9990569753406896
140 142 -0.4083681053548142
140 143 0.4086153779581172
140 144 0.2187510698585915
140 197 -0.059738331245609
140 198 -0.8929781828007617
140 199 -0.7730253273727448
140 200 0.5567287103354739
140 207 -0.8213292827566712
140 208 -0.4010587232877032
141 142 -0.3863126207653033
143 144 0.0329338459148782
145 73 0.5388850753873746
145 149 0.9026666773784782
145 150 -0.8578869192117586
145 151 0.3935281473400369
145 152 -0.0027747350685267
145 157 -0.475533713758544
145 158 0.2861189331552694
145 159 0.8033482556361158
145 160 -0.3386539116247387
146 74 -0.5517183506316934
146 145 -0.3317915090714203
146 149 0.1053322418717599
146 150 0.2171248345396239
146 151 0.391053091834912
146 152 0.1506070579349243
146 157 -0.8055782519440222
146 158 0.8566439326653006
146 159 -0.1209751523057878
146 160 0.0707161118591583
147 75 0.7092403750504677
147 149 -0.7005230657373078
147 150 -0.4402372309920894
147 151 0.2782166228426965
147 152 -0.3329039471437087
148 76 -0.9531282135860084
148 147 0.547840193328947
148 149 0.2860713732518283
148 150 -0.848100761253562
148 151 0.2186666081275894
148 152 0.4866516374885852
149 150 0.3790268933856697
149 173 -0.2130879894498596
150 174 -0.2153923480032706
151 152 0.5706594567900667
151 175 0.1266558295894715
152 176 -0.277588522817185
153 81 -0.0640481128748298
153 149 -0.9346703186026466
153 150 -0.8006011408575995
153 157 -0.4834077131274101
153 158 -0.5393925135203164
153 159 0.3746125712617478
153 160 -0.0436049293744806
153 165 -0.8019740746599169
153 166 -0.7546443102278824
153 167 -0.6968732780595488
153 168 -0.2929999521724966
154 82 0.7379390520353215
154 149 0.0216192548607327
154 150 -0.0696137585892566
154 153 -0.4874796617269834
154 157 -0.7281466031639381
154 158 0.1865320726326385
154 159 -0.6802571686581489
154 160 0.5001012630314516
154 165 0.5600131859755582
154 166 -0.6517592406763684
154 167 -0.8322915734052831
154 168 0.4301800298818716
155 83 0.8794662268997142
155 149 -0.0036311335448842
155 150 -0.6835943880783266
155 157 -0.8662098502896982
155 158 -0.1568101539953132
155 159 0.6861872833738498
155 160 0.1334615278434303
156 84 -0.685467147594822
156 149 -0.8530617736075423
156 150 -0.1725689536208388
156 155 0.7703325787748434
156 157 0.5744182528398443
156 158 -0.1819308192950828
156 159 -0.8002634721535062
156 160 0.0810408414498191
157 158 0.0813171395146523
157 181 -0.7571447524940029
158 182 0.3299661725329259
159 160 0.942571615534192
159 183 -0.9675612330896036
160 184 -0.589636620182246
161 89 -0.6328797579118679
161 157 -0.4980674800355127
161 158 0.7369296863430566
161 165 -0.0849908013790321
161 166 -0.473493436812775
161 167 0.9239461739941192
161 168 -0.2461659689987814
162 90 0.3244792712747439
162 157 0.2793424346866808
162 158 -0.3326447380949406
162 161 0.9229989470118528
162 165 -0.0203760134974557
162 166 -0.5644290943265564
162 167 -0.3542480327014827
162 168 -0.0757426878537672
163 91 -0.2936148120090029
163 157 0.0767677440100913
163 158 -0.0821364141152893
163 165 0.073046950814871
163 166 0.3280881122235193
163 167 -0.488730278703948
163 168 -0.8409538346603238
164 92 0.1640261992869625
164 157 -0.8277197603270545
164 158 -0.7071002905192554
164 163 -0.4958007346761168
164 165 -0.6666536601190693
164 166 0.5299967893270996
164 167 0.1412947448864006
164 168 -0.4273027822905475
165 166 -0.8144609270578007
165 189 0.1758114766152119
166 190 0.8245659713378086
167 168 0.0576766970939368
167 191 -0.6382268228701342
168 192 0.0139699241864643
169 97 -0.1905325896881582
169 167 0.2084334222757271
169 168 -0.3406142810629455
169 173 -0.0456262129962115
169 174 0.8071601458047419
169 175 0.2061632757952567
169 176 -0.3398556714252199
169 181 0.9758398320398364
169 182 0.8684680850357682
169 183 0.877505566434597
169 184 -0.9908757456423842
170 98 -0.7712649836293761
170 167 0.6742886316901711
170 168 -0.4002809328981807
170 169 -0.4683945902491326
170 173 -0.3162657285441095
170 174 -0.8680860108551174
170 175 -0.4191819035786512
170 176 -0.7830967834914877
170 181 0.390068966453498
170 182 -0.1299139966742375
170 183 -0.0935162214771665
170 184 -0.8077488528006509
171 99 0.8868211486249546
171 157 0.5562127337620875
171 158 0.7130333934436379
171 159 0.1318409770023105
171 160 0.0987954282719143
171 167 0.8999970476824808
171 168 0.197799636436369
171 173 -0.1166131625546185
171 174 0.8315682602866423
171 175 0.3856603700636378
171 176 0.5995727455358579
172 100 0.5171349630040363
172 157 0.935956701215254
172 158 -0.7658076458137204
172 159 0.7056560068637598
172 160 -0.8847615433744915
172 167 0.4148757277753894
172 168 0.0308790395019984
172 171 0.5216831120779744
172 173 0.1074867109270747
172 174 -0.2863149838268921
172 175 -0.6571437047385742
172 176 -0.5421578435906089
173 174 0.5501000507222613
173 197 -0.4026895531191508
174 198 -0.6847100726980606
175 176 -0.3251018041034914
175 199 -0.5937603414682309
176 200 0.3680642504151878
177 105 -0.2112404868657598
177 173 -0.1772602565644274
177 174 -0.5969841416386161
177 181 0.4489839557628217
177 182 -0.9344547485842388
177 183 -0.7320261521189921
177 184 -0.803450198454658
177 189 0.4344532496630502
177 190 -0.731991849906005
177 191 0.616247098028536
177 192 0.3098790460135689
178 106 -0.1570113557525381
178 173 -0.3454457720679347
178 174 -0.1369072555067259
178 177 -0.9956346294836408
178 181 -0.5513169736096106
178 182 0.8452821450613914
178 183 -0.0722277536428619
178 184 0.9382735642161996
178 189 -0.4996585283097363
178 190 0.2548877669203755
178 191 -0.8907000292454821
178 192 -0.9928879250144907
179 107 -0.7714302262467454
179 165 0.8036980626306656
179 166 -0.384430207082381
179 167 -0.6957214560895282
179 168 0.3048515624958676
179 173 0.5537134427527801
179 174 -0.1254298042309873
179 181 -0.2010175478413263
179 182 0.0477690265004904
179 183 0.8503147129188227
179 184 -0.5885011219031349
180 108 -0.7478411044112521
180 165 0.0125246149422937
180 166 0.7304768901862457
180 167 -0.2350833896243653
180 168 0.7096476180428031
180 173 -0.4932537424035486
180 174 0.8068177707203728
180 179 0.1397074706989016
180 181 0.0946145901105277
180 182 -0.6725141514643462
180 183 -0.0902984352722173
180 184 -0.8745488364045548
181 182 0.0478454906309642
181 205 0.3384247046954554
182 206 0.4830927611075928
183 184 -0.1270340825721905
183 207 0.2555762364743934
184 208 -0.8215119520776109
185 113 -0.0294741545411714
185 181 0.597285818556327
185 182 0.9357167958501222
185 189 0.8069417818087541
185 190 -0.5913563074988335
185 191 0.5142336502448832
185 192 0.3568496185059004
186 114 0.3616026785320323
186 181 0.6936125775865227
186 182 0.1810097504379006
186 185 -0.3798199347883211
186 189 -0.81272764012291
186 190 0.3199772457300436
186 191 0.4267260330313895
186 192 -0.9012139826435396
187 115 -0.9393112994884684
187 181 -0.682678173906611
187 182 0.798659640952311
187 189 -0.7026805571766921
187 190 -0.9112822493591411
187 191 0.104166745988915
187 192 0.7577330991911688
188 116 0.1179287736841283
188 181 0.4432567050533997
188 182 -0.5913045195264726
188 187 -0.3526087632294907
188 189 -0.5828010527316583
188 190 -0.3092918643866558
188 191 0.768942529565062
188 192 -0.026103469907553
189 190 0.3348797208019998
189 213 0.0116619146064678
190 214 0.786462338586563
191 192 0.3083551969944562
191 215 -0.3626160644163758
192 216 0.2098184457436556
193 121 0.4949866271157028
193 191 -0.2522008557243675
193 192 0.4885090305019872
193 197 0.2230090614396045
193 198 0.5139146578510847
193 199 0.7803149179765494
193 200 0.6601447812448913
193 205 0.025661948595727
193 206 -0.333891484203253
193 207 0.4127772256526378
193 208 0.2703917423599382
194 122 0.9744344467829624
194 191 0.7023659395092015
194 192 0.6294034495008525
194 193 -0.9894309467895156
194 197 -0.5549358692704651
194 198 0.1348370444759377
194 199 0.360122327908543
194 200 -0.2523487732929494
194 205 0.1538122513516149
194 206 0.053207311078282
194 207 0.0444299850917377
194 208 -0.9542091957440388
195 123 -0.0168570969428247
195 181 0.1399991016673958
195 182 -0.9918615224708024
195 183 0.3503231876366919
195 184 -0.5391763713489486
195 191 -0.9000365099403105
195 192 -0.2256641197349047
195 197 -0.4434208783895887
195 198 0.9336908789109272
195 199 -0.0749251979349774
195 200 -0.6505051436425804
196 124 -0.6855873742521259
196 181 -0.3090295546906088
196 182 -0.3331377829395532
196 183 -0.9904076972283676
196 184 -0.912238846322633
196 191 0.617449293656178
196 192 0.1712905600319216
196 195 -0.1720589873165303
196 197 -0.4993671087324169
196 198 0.8413755743830791
196 199 0.6962787653693518
196 200 -0.0690179378340289
197 198 -0.2633158726555824
199 200 -0.8843850941754141
201 129 -0.0861395961143491
201 197 0.9751028822970008
201 198 -0.2904274415417867
201 205 -0.4334141991038867
201 206 0.1392854749330008
201 207 -0.7238355754725767
201 208 0.8959968837713554
201 213 -0.8941016228795331
201 214 -0.1824820657141925
201 215 -0.4900726815587313
201 216 -0.1840123583759672
202 130 -0.3846427525015183
202 197 0.3645453132197209
202 198 -0.9914109856474924
202 201 0.910018065550196
202 205 -0.2831255318104724
202 206 0.9220512666094296
202 207 0.7372879789239974
202 208 -0.2714087122567468
202 213 0.2840053063144498
202 214 -0.4190002332818865
202 215 0.4728584608833879
202 216 0.9682929237215454
203 131 -0.9933563606426604
203 189 0.2159745101948029
203 190 0.4209538006085191
203 191 0.5671830675628238
203 192 -0.7264668271218284
203 197 -0.4250046862423047
203 198 -0.9305980887649564
203 205 0.1396327085627617
203 206 -0.8801030808657408
203 207 -0.8404424596628883
203 208 0.0563142782768251
204 132 -0.1658897862878094
204 189 0.8691384163161453
204 190 -0.7148916357582074
204 191 -0.2207934986293682
204 192 -0.4401891619007381
204 197 -0.6696562367434584
204 198 -0.4333337753358051
204 203 -0.230333288527393
204 205 -0.8570053799515476
204 206 0.733137068741776
204 207 -0.3180349205891002
204 208 -0.5170452593853998
205 206 -0.7238982304911055
207 208 0.7464740418057167
209 137 -0.7885301070425919
209 205 -0.649093675730072
209 206 -0.3747077857007923
209 213 -0.5113338522761477
209 214 0.8466267848841535
209 215 0.5840099457980494
209 216 -0.6081351136601363
210 138 0.176934207640848
210 205 0.8600768442931057
210 206 -0.374680593684509
210 209 0.9590476083956752
210 213 -0.7926707909526247
210 214 0.4919182201710497
210 215 0.7821523442589702
210 216 0.5946117829591253
211 139 -0.2938111783744095
211 205 0.9132692418972124
211 206 0.1647635087350221
211 213 -0.4483590346248378
211 214 -0.5588546180898215
211 215 -0.4459416601336072
211 216 -0.7179625327522048
212 140 0.0681857545411184
212 205 -0.8150873484836425
212 206 0.7857900237422739
212 211 0.347263706752672
212 213 0.5631094559368248
212 214 -0.1253462311962889
212 215 0.9059384875949876
212 216 -0.166502956550834
213 214 0.8447038025379081
215 216 0.2256018929558305
