# 
1 1 -1.5236406875548951
2 2 3.853884890682061
3 3 1.8757162491702548
4 4 2.4730467075654383
5 5 2.186483266944084
6 6 2.816898788766369
7 7 3.8490938807920942
8 8 -0.2754351278096951
9 9 -3.6097987631710247
10 10 2.5600281808618908
11 11 0.6847815226708365
12 12 2.97756730877565
13 13 2.1025969163294045
14 14 -3.483791942309167
15 15 3.124802745287166
16 16 1.0783421743864148
17 17 -3.470087638604888
18 18 -2.641435163671219
19 19 -0.4988263617545261
20 20 -2.8296640675034306
21 21 2.912490781386196
22 22 -2.118272920422182
23 23 1.955836532601788
24 24 -1.9832860707502435
25 25 -2.6868029479184354
26 26 -0.6556707800448436
27 27 0.6242196092776533
28 28 -2.354661014377152
29 29 -1.8351214396569748
30 30 -3.475877891558672
31 31 -3.348791016524677
32 32 3.145359206685315
33 33 0.7498834249767787
34 34 -0.2110111982378848
35 35 3.394716759911014
36 36 3.255736614403792
37 37 -3.61582683826225
38 38 -1.2711345828658445
39 39 -1.23972646416492
40 40 2.824917305664875
41 41 0.2754824673922398
42 42 1.1575168296431595
43 43 -0.1816926155227811
44 44 0.436392590187113
45 45 -3.623335870131888
46 46 0.8582167115059525
47 47 -3.01526482415318
48 48 0.0572765749265009
49 49 3.4240462433900376
50 50 3.239653485171484
51 51 1.1273225845880033
52 52 2.211319781352227
53 53 3.715590493522684
54 54 3.3753688070186776
55 55 -3.6687257360095655
56 56 -0.8758812394577813
57 57 -0.366879178662586
58 58 -1.9604258655250728
59 59 -3.925168275444669
60 60 -2.5905919317710806
61 61 -1.235577611864735
62 62 2.356230062053536
63 63 -3.314714773990911
64 64 -0.5576067272710032
65 65 2.0217994619996063
66 66 0.3720498619299537
67 67 2.641464393897783
68 68 0.1269994599163073
69 69 3.775223245978471
70 70 3.106904981104928
71 71 -3.27655502650772
72 72 0.3049926338801185
73 73 1.7386300997305186
74 74 3.573896622938122
75 75 3.228814749799493
76 76 -2.2235705276581665
77 77 -3.0168117937490138
78 78 -0.1091298551494492
79 79 -2.1982328725445965
80 80 -2.7091941620716886
81 81 3.4744769110166063
82 82 -3.1326082861594164
83 83 3.06657423699444
84 84 2.199013768353981
85 85 -3.1495902941525307
86 86 3.097494698806172
87 87 0.387827155826657
88 88 1.8023847954245564
89 89 1.731530315740602
90 90 2.370376062675829
91 91 -2.611518620299996
92 92 -3.363692885113105
93 93 -1.4237958624317573
94 94 3.639228034200248
95 95 3.426501333490057
96 96 -1.0265187888236342
97 97 -3.77312017116706
98 98 -2.5945357429463973
99 99 -1.1765071138015577
100 100 1.5797525075365757
101 101 -1.4129617457154495
102 102 3.66853715832843
103 103 1.3875157625953598
104 104 0.1724807285534879
105 105 -3.700183743088336
106 106 1.5217748319662068
107 107 0.0912705502428199
108 108 0.966335869833748
109 109 3.5051980748196367
110 110 1.3719633415039354
111 111 -1.810346536731016
112 112 -3.3809143246255
113 113 -0.0127632944401128
114 114 -1.1144031101839698
115 115 0.7293598554768037
116 116 3.2149233836483164
117 117 3.667829667306704
118 118 -0.0743825182250086
119 119 -2.8107899996004484
120 120 2.787655432768303
121 121 0.4075676835216324
122 122 -1.5865614784743318
123 123 2.020730886158636
124 124 1.49929970931412
125 125 -0.7365503125387454
126 126 -2.614419500831195
127 127 3.825032896482213
128 128 -2.6531079797783343
129 129 -3.87269913766463
130 130 -2.353771679264711
131 131 -3.39022135465084
132 132 1.534111006310468
133 133 3.613373525071124
134 134 -3.9855702552256673
135 135 -2.6629425237077218
136 136 3.008145392434159
137 137 1.4534022795951396
138 138 1.9173136864594529
139 139 0.4166463793308796
140 140 3.049970280535663
141 141 -0.908727651041522
142 142 3.2654425800337226
143 143 2.713069627446947
144 144 -0.0342403450789143
145 145 -3.574392694905722
146 146 -0.5295101114433693
147 147 1.3931545643138366
148 148 3.7062947912724766
149 149 0.6923490518265512
150 150 3.233897808447612
151 151 -1.2664050445549735
152 152 3.347955626649327
153 153 0.2039502359308116
154 154 3.2042981174167595
155 155 -1.0379477583850854
156 156 -3.447798518568998
157 157 -3.0587140829475405
158 158 -0.2538592282676903
159 159 -1.2646336952762338
160 160 -2.24666069760788
161 161 -3.206170185996071
162 162 -3.099317213662797
163 163 2.976144054166812
164 164 1.4920417771174197
165 165 -0.79582074505465
166 166 -2.4324928592466977
167 167 -0.5389934488398112
168 168 -3.225443485122291
169 169 -3.4212221513629606
170 170 2.4384737988261502
171 171 1.8402906650509612
172 172 0.0824104234207165
173 173 -2.997481397709076
174 174 3.474350738798311
175 175 -1.9059439557689395
176 176 -1.007086986477943
177 177 1.987254486762911
178 178 -0.5271954770208103
179 179 0.347910091365776
180 180 1.7569367209619535
181 181 0.3558494394634932
182 182 3.1265872724329107
183 183 2.4629458765650787
184 184 3.868688967463947
185 185 0.923546899326042
186 186 1.5419888144289988
187 187 -2.7084053911656403
188 188 -2.780750988801845
189 189 3.067014575627684
190 190 1.6133384854772386
191 191 -0.1753068718725039
192 192 -0.8069774263614615
193 193 0.6789445909064478
194 194 -3.1363449176107787
195 195 -0.4095759470392774
196 196 2.775783482613777
197 197 3.7675766900755328
198 198 0.5706480574228818
199 199 3.1316819486909804
200 200 2.256505382221452
201 201 3.745007871937485
202 202 -0.3726822216957011
203 203 1.682632195824767
204 204 1.6032172881908415
205 205 -0.8013929606911585
206 206 -0.1987098402006335
207 207 3.655962649541186
208 208 -1.974510063371766
209 209 2.3411605521398684
210 210 -1.996110382548994
211 211 -1.1665394778693603
212 212 -1.215685053238191
213 213 2.8907786090557286
214 214 -1.436610381677128
215 215 -1.82142482219456
216 216 3.452954070148164
1 5 0.29003521383885
1 6 -0.3584813629369721
1 7 -0.5132719822619904
1 8 -0.7981994590790655
1 13 0.58069858878563
1 14 0.8575314045105942
1 15 -0.6780025029697363
1 16 -0.2156272858256234
2 1 -0.4852815747931485
2 5 0.7234916235140474
2 6 -0.6305205576014214
2 7 -0.0865538593490373
2 8 -0.2026994205522372
2 13 0.7986371970867896
2 14 0.5118511419308192
2 15 0.2259340817663075
2 16 0.869799293780323
3 5 0.4289193535652094
3 6 0.5303021873416103
3 7 -0.4399584102383216
3 8 0.9250423782575148
4 3 -0.7343034882095449
4 5 -0.4033351946598211
4 6 -0.913092692672145
4 7 -0.1252925626534657
4 8 0.3037531967068081
5 6 0.1842175763233329
5 29 -0.5340371120695029
6 30 0.5221168927709714
7 8 0.6887280772237143
7 31 -0.9411944060758448
8 32 0.0604727199024224
9 5 -0.158352753132615
9 6 0.6751957621883238
9 13 -0.3531082855127492
9 14 -0.3082159289234278
9 15 0.9662382648919724
9 16 0.1634420586616225
9 21 0.6885350623262694
9 22 0.6796629544658916
9 23 0.589028336428927
9 24 0.2575461489436861
9 79 0.1560503561726882
9 80 -0.3765643780399879
10 5 -0.6129364437113305
10 6 -0.6286041911851432
10 9 0.504863445270165
10 13 -0.8210341102085048
10 14 0.8707798379940082
10 15 0.4542107012190832
10 16 0.0111986659602054
10 21 -0.9999747131773926
10 22 0.2123148021479848
10 23 -0.1361458545392031
10 24 0.9337046727595176
10 79 0.4770751764328707
10 80 0.3935332810705483
11 5 -0.6231195289385982
11 6 -0.6570231404951954
11 13 0.5094280305770418
11 14 0.5613196610038385
11 15 0.0012940142907249
11 16 0.2732021767716881
11 79 -0.2520390467734572
11 80 0.8699931215878083
12 5 -0.9191104376595104
12 6 -0.8820344994416089
12 11 0.4762643727080637
12 13 -0.1001181811598255
12 14 0.700129170823242
12 15 -0.7441381049878777
12 16 0.6387448834949614
12 79 0.5922627918781875
12 80 0.0796816246485478
13 14 -0.8385116386505393
13 37 -0.3104506879944562
14 38 0.2687334352655444
15 16 -0.1929327300755499
15 39 0.9715902169995444
16 40 -0.3242609413225983
17 13 0.7371618791915502
17 14 -0.4696396301420462
17 21 0.4966158184956175
17 22 0.7158018675307793
17 23 -0.1853878488867517
17 24 -0.9764640759554112
17 87 0.4580697640198572
17 88 -0.67927287417366
18 13 -0.5516389602958187
18 14 -0.5904807235610985
18 17 -0.9638308308058354
18 21 -0.7180998983959108
18 22 -0.8789126949270492
18 23 0.6767296500818563
18 24 0.5187032347214604
18 87 -0.3142164116017167
18 88 -0.4700364496273383
19 13 -0.5220496857315648
19 14 -0.2546576281867514
19 21 -0.4229764932732525
19 22 -0.6353619625385716
19 23 0.0360607108532837
19 24 0.9496526374180864
19 77 0.8067418890502449
19 78 0.5561744033642788
19 79 0.334635072046167
19 80 0.706408695799162
19 87 -0.2782032451736635
19 88 0.0791940745442874
20 13 0.3697796024997808
20 14 0.4536908731200011
20 19 0.7846365077683319
20 21 -0.7441497682057934
20 22 -0.031616854707273
20 23 -0.2300248813298218
20 24 -0.1237698951723758
20 77 -0.3651940516598195
20 78 -0.5397142162740194
20 79 -0.6639557591273197
20 80 0.7840580326015092
20 87 -0.943879876397083
20 88 -0.6772501085894307
21 22 -0.4433108491142761
21 45 -0.038672792055413
22 46 -0.9576826138140226
23 24 -0.7842188529261656
23 47 -0.6159844253262354
24 48 0.9670513661603052
25 23 -0.871901479727685
25 24 0.1856565098548144
25 29 0.0610698595395018
25 30 -0.7166492596930458
25 31 0.5939491515357178
25 32 0.3823363892740006
25 37 0.1734328198472454
25 38 0.3199213845891451
25 39 0.2730163648205439
25 40 0.3991862389495786
26 23 0.2652349329452232
26 24 -0.7192244319688956
26 25 0.8853252115298218
26 29 0.4668751155914568
26 30 0.4772019808340091
26 31 -0.4399311964976684
26 32 0.6827818211830898
26 37 -0.9642222821000856
26 38 -0.3978547051784782
26 39 0.7552955459121509
26 40 -0.8283769087839601
27 13 0.8418685020675052
27 14 -0.6639442149175863
27 15 -0.3188443606912672
27 16 -0.3814112668704355
27 23 -0.93593603035448
27 24 -0.3281013182204817
27 29 0.8399931069165487
27 30 -0.2823994644353649
27 31 -0.6740761009674694
27 32 0.3648649794257395
28 13 0.934334261002985
28 14 -0.652657010569907
28 15 0.8134425684859339
28 16 -0.4248318615112965
28 23 0.7130811664466652
28 24 -0.9450157174759296
28 27 0.2485721245616168
28 29 -0.6077493700192853
28 30 -0.0010830074075878
28 31 -0.2009620906781259
28 32 0.7857888355518681
29 30 -0.494712565489906
29 53 0.1747474331527421
30 54 0.1480060966159526
31 32 -0.8864264441392846
31 55 0.0060143584850962
32 56 -0.5551961709172484
33 29 0.1024881861891076
33 30 0.3654377036332503
33 37 0.9683947761972342
33 38 -0.6044408898555025
33 39 0.6080708022764258
33 40 0.5749921594702916
33 45 0.4830695850212025
33 46 0.8329863587049027
33 47 0.9012300383455704
33 48 0.7621554955951633
33 103 0.8989002860935691
33 104 -0.4870815520456268
34 29 0.7988031644892775
34 30 -0.8401883965964687
34 33 -0.6036372929579259
34 37 0.3521482831100668
34 38 -0.332555686568007
34 39 0.7206995464282391
34 40 -0.1619621688278634
34 45 0.8989698320446831
34 46 0.3971413796512872
34 47 -0.131303536231456
34 48 -0.3741437732771504
34 103 0.2158390358344248
34 104 -0.342892279463866
35 21 -0.162837367965946
35 22 -0.5691601475655346
35 23 -0.9442552381715636
35 24 -0.4101943300005763
35 29 0.7176558428106421
35 30 -0.4871684551134185
35 37 -0.9808589437485074
35 38 0.0603871283453512
35 39 -0.0671141434439557
35 40 -0.4798906108809844
35 103 -0.0278934641313282
35 104 -0.1381176575649005
36 21 -0.2410953205001502
36 22 -0.5564293609042217
36 23 0.1636128077471277
36 24 -0.6982558481341945
36 29 -0.1110289921181124
36 30 -0.5344906724371754
36 35 -0.8649587589183616
36 37 0.8199645035773329
36 38 0.8584808969588551
36 39 -0.2323348286009525
36 40 -0.1305192492044364
36 103 -0.0437701827284373
36 104 -0.0696811427671588
37 38 -0.8705952490498055
37 61 -0.1526605508845888
38 62 -0.303853930299548
39 40 -0.1871223968759416
39 63 0.2685570674327746
40 64 -0.3845322719804278
41 37 -0.9074800111584986
41 38 -0.1598063394483588
41 45 0.8109360392429912
41 46 -0.0833234764260797
41 47 -0.8438699845687667
41 48 -0.4352807741771742
41 111 0.3715747405291301
41 112 0.3874109738042059
42 37 0.7768634680235871
42 38 -0.0352727166539463
42 41 0.2754316219820536
42 45 0.4435211236892811
42 46 -0.5965118282539161
42 47 -0.3428619043917296
42 48 -0.4217526046172812
42 111 0.617353705492065
42 112 0.0846914579623752
43 37 -0.2615260866160511
43 38 -0.5777479049789842
43 45 0.4568018462739291
43 46 0.1793559342834307
43 47 0.3855474904621232
43 48 -0.2790625947948022
43 101 -0.6181870279907811
43 102 0.1508615790093614
43 103 -0.9904162275427086
43 104 -0.9611043546667724
43 111 0.0420336375912573
43 112 0.6567035595431208
44 37 -0.8276251467255604
44 38 -0.8589819537190344
44 43 -0.438083938095283
44 45 -0.6098875404097872
44 46 -0.6710043887162811
44 47 0.7015009992323766
44 48 -0.8613727836127612
44 101 -0.2830838359995216
44 102 0.0201159484927753
44 103 -0.5228216875552425
44 104 0.7016226601132944
44 111 -0.5090683986767794
44 112 0.0480347037725035
45 46 0.2454691992114415
45 69 -0.3893225441999255
46 70 0.3500009569857856
47 48 -0.0250822988817578
47 71 -0.0472778684618615
48 72 0.0577671479845085
49 47 0.2281561521104647
49 48 0.8739359674545588
49 53 -0.8915140576594738
49 54 -0.2347330354426982
49 55 0.2363444528182627
49 56 -0.4107580269261519
49 61 0.8341056329870584
49 62 -0.1519100419244898
49 63 -0.2841089060861155
49 64 -0.0597547574307748
50 47 -0.797217467619092
50 48 -0.9587650299087443
50 49 0.1699924563489878
50 53 -0.96998884285645
50 54 0.9406868785459775
50 55 -0.5610279048379241
50 56 0.9500913530462134
50 61 -0.2141046557830261
50 62 -0.0751730002086223
50 63 0.9760923471249108
50 64 0.7111840783806709
51 37 -0.0497728595466839
51 38 0.1238077742259504
51 39 0.6909070937028081
51 40 -0.961196146350504
51 47 0.8439301766227008
51 48 -0.0224858390246101
51 53 0.1954890264161752
51 54 0.1848786811102354
51 55 -0.5899558521820694
51 56 0.6008924926836119
52 37 -0.3304645201166616
52 38 0.3389337998022441
52 39 0.945278396818226
52 40 -0.6837028565027234
52 47 -0.0829346030793931
52 48 -0.6604457156717374
52 51 -0.4266559183185878
52 53 0.9320240161546972
52 54 0.8227452253032765
52 55 0.720149831237566
52 56 0.895988282267933
53 54 -0.6528634892538321
55 56 -0.0220979546427133
57 53 -0.3194224070470346
57 54 0.9603066107893824
57 61 0.9644241997973568
57 62 0.6908272519521952
57 63 -0.0830838951041328
57 64 0.0010573026907447
57 69 -0.0168218681812502
57 70 0.9850708657020382
57 71 -0.5728532924962884
57 72 -0.2546698474555289
57 127 -0.1020463935535549
57 128 -0.8349108710219033
58 53 0.4137845975138314
58 54 0.0564061945358274
58 57 0.6044007621573784
58 61 -0.4300731108217341
58 62 0.6788780594351917
58 63 -0.0023706024186433
58 64 0.1412748182214958
58 69 0.8053148086421744
58 70 0.1177219782931506
58 71 0.7901889282886709
58 72 -0.0005121372043228
58 127 -0.4815171286900144
58 128 -0.317419628980933
59 45 0.7863731300507126
59 46 0.1791009882895939
59 47 -0.3272710800452238
59 48 0.1032418517359978
59 53 -0.9441444060398684
59 54 0.7870826861218245
59 61 -0.7566830202183763
59 62 0.6633131598043871
59 63 0.4594764458375195
59 64 0.4180417233270164
59 127 0.3245978327170651
59 128 -0.3735849615918833
60 45 0.1996179926080434
60 46 -0.2805235237988988
60 47 -0.8395548059974105
60 48 0.945989609424082
60 53 0.6467155414062724
60 54 0.5464910202726738
60 59 -0.1889704486827097
60 61 0.830130209740392
60 62 0.1366508793076257
60 63 0.5657690332484295
60 64 0.4286669933952218
60 127 0.0341046772992856
60 128 0.8307593653068912
61 62 0.9300394082744764
63 64 -0.5229832207234939
65 61 -0.0413790782828238
65 62 0.8630180032562396
65 69 0.6573294340180089
65 70 0.2092218366459945
65 71 -0.029598314629988
65 72 -0.4937226377298356
65 135 0.5170801812641457
65 136 0.2710841012024607
66 61 0.2094350479095301
66 62 -0.3473007875139333
66 65 0.2587296721968302
66 69 -0.2350821703868408
66 70 -0.626320051089224
66 71 0.9921689572662244
66 72 0.8251788319187179
66 135 0.0886937767657625
66 136 -0.4924474270683645
67 61 0.3859459317495386
67 62 0.8854079594945432
67 69 -0.426590461783777
67 70 0.805977637711754
67 71 0.9249360145961254
67 72 0.9786877929870756
67 125 0.3455528421427101
67 126 0.0324496860333114
67 127 -0.105179718489492
67 128 -0.6771563118028645
67 135 -0.2446107334206881
67 136 0.4495997225300463
68 61 -0.7500216938334714
68 62 0.9682662159894146
68 67 -0.6561518875702057
68 69 0.9962491515535704
68 70 0.036940015152926
68 71 -0.9243550678928364
68 72 -0.010904616239945
68 125 0.1728646269440443
68 126 -0.2501025977117528
68 127 -0.2994111386150904
68 128 -0.5910510752323372
68 135 -0.1213995331162902
68 136 0.9665526771464844
69 70 0.9539717315596749
71 72 -0.5674652579393855
73 1 -0.8040526340808827
73 77 0.2971910681589265
73 78 -0.1677408429586304
73 79 0.118823289230056
73 80 -0.4925400125149872
73 85 -0.7570976157953713
73 86 0.661977043330435
73 87 0.5115697858188459
73 88 -0.7342740781480979
74 2 0.9000080557608203
74 73 -0.8264705467081295
74 77 0.3424138186346184
74 78 -0.3817468899095539
74 79 0.5885406161085256
74 80 -0.8676738232526437
74 85 -0.780805702316469
74 86 -0.7854890633519349
74 87 -0.2207575832095958
74 88 0.5680062319859498
75 3 -0.9916987228603256
75 77 -0.646741766639555
75 78 -0.823005368748607
75 79 -0.09280662408145
75 80 -0.6154533591818163
76 4 -0.7848903363308726
76 75 -0.6798518936188294
76 77 0.1315499783603029
76 78 0.7432518865908442
76 79 0.8542627379607899
76 80 0.4776629165667854
77 78 -0.7018693917710646
77 101 -0.0294502039700543
78 102 -0.6781237105403641
79 80 -0.7841538111513584
79 103 -0.6815648087791977
80 104 -0.6364283147721399
81 9 -0.5944625857043249
81 77 0.103763634746101
81 78 -0.8748833504114331
81 85 0.4460204354181658
81 86 -0.47476921899591
81 87 0.0772939533849146
81 88 0.9268041441478704
81 93 0.8016115477683057
81 94 0.8114062359700858
81 95 0.9403000484436494
81 96 0.9882595669469744
81 151 -0.4712490252199606
81 152 0.8983589757566195
82 10 0.1341573217999265
82 77 0.7755890037564339
82 78 -0.8818922204118598
82 81 0.2565007297592585
82 85 0.2604993584473791
82 86 -0.0315787224668808
82 87 -0.3862684489291608
82 88 -0.283806859205068
82 93 -0.9396570494658352
82 94 -0.5785254910615345
82 95 0.4838554235245262
82 96 0.5246356163407031
82 151 0.0328240627332512
82 152 0.3381101971715854
83 11 0.9789958887737932
83 77 -0.0527311626857838
83 78 -0.1404620902434254
83 85 -0.8877801757220118
83 86 0.3460948900208531
83 87 0.4559773967499643
83 88 -0.8769402050857158
83 151 -0.7674084918468134
83 152 0.3259209573426851
84 12 -0.9857536163046376
84 77 0.9071918506967194
84 78 0.5705517783037901
84 83 0.9451550980309168
84 85 0.5462339048836569
84 86 0.4656223658011686
84 87 0.0848511359657124
84 88 0.0575879704770123
84 151 0.0437447308356655
84 152 0.2724687694955132
85 86 -0.4051234523343154
85 109 -0.6501826585452362
86 110 0.5135421000924889
87 88 0.3648020365541911
87 111 0.6122727879828822
88 112 -0.8203667589150176
89 17 0.2096968861906931
89 85 -0.7157875123828734
89 86 -0.322248392348742
89 93 0.1295839787123149
89 94 0.9303887574648324
89 95 0.2363827256223165
89 96 0.963530064328896
89 159 0.0235279786760962
89 160 -0.6076797287815643
90 18 0.2978679245018718
90 85 0.3238725272745799
90 86 -0.9960008737863356
90 89 -0.6930555537572114
90 93 -0.3173517391293523
90 94 0.0884667033154169
90 95 -0.0548993786619094
90 96 -0.6493043927438602
90 159 -0.4167129605643225
90 160 0.1190381658880261
91 19 -0.8085342750059457
91 85 -0.5680621147777791
91 86 0.0911657087383563
91 93 0.9763824905823332
91 94 -0.2293725575643657
91 95 -0.4732801133837305
91 96 -0.1963956514431686
91 149 -0.0916964732000049
91 150 -0.600580414431432
91 151 0.0688985822952712
91 152 0.7049989821369247
91 159 0.6413462800165162
91 160 -0.8066765196703152
92 20 0.0833735706612652
92 85 0.4708600011627459
92 86 0.5225080578829335
92 91 0.8824609885160695
92 93 -0.8433039489339613
92 94 0.4167832520242955
92 95 0.8170245118715525
92 96 0.3606007903799457
92 149 -0.0901860726584991
92 150 -0.9349148660570206
92 151 -0.9244384888828348
92 152 0.1683595796607275
92 159 0.2878951568655572
92 160 0.9023449081256448
93 94 -0.6261411016383007
93 117 0.7726744721745586
94 118 -0.5792197589827977
95 96 -0.3412646706814231
95 119 0.8724330557841107
96 120 -0.572501080787506
97 25 -0.9241738257334692
97 95 -0.9028311259714334
97 96 0.6111769404422531
97 101 0.8599603074313928
97 102 0.5883568240057477
97 103 0.9724601922592726
97 104 -0.0913805874570323
97 109 -0.740172319880416
97 110 0.5564279498144884
97 111 -0.7009228257823974
97 112 2.1000629371492607e-05
98 26 0.8523296294874201
98 95 0.1674916512990649
98 96 0.0971385920987299
98 97 0.3388971830594092
98 101 0.1671259952860135
98 102 -0.243875311772296
98 103 0.6602510772487089
98 104 -0.5379836274145668
98 109 0.7101957034781139
98 110 0.1589283516172532
98 111 -0.8498033383567585
98 112 -0.8884784085532598
99 27 -0.9206382009244298
99 85 0.6410636522400974
99 86 0.7857539911081477
99 87 0.884549169622979
99 88 -0.3986425757561282
99 95 0.5143032421753759
99 96 0.7072245631328502
99 101 -0.8936236741106218
99 102 -0.9164488760758966
99 103 -0.9783058910495784
99 104 -0.1476269709744817
100 28 0.1223773506332153
100 85 0.4335860617526355
100 86 0.1237363861372957
100 87 -0.2024891954006087
100 88 -0.6299263149851271
100 95 0.6660339700453901
100 96 0.486625689942135
100 99 0.7510754727555577
100 101 0.5638792278696558
100 102 0.0425971647477494
100 103 -0.1912828009166129
100 104 0.3723928559226073
101 102 0.0728792459633491
101 125 0.897693513329106
102 126 0.9451436374710956
103 104 -0.3712202872575114
103 127 -0.1734846201186264
104 128 0.9956660719699456
105 33 0.0277366616871175
105 101 0.539016845041767
105 102 0.8826971215373283
105 109 -0.1600866962454004
105 110 -0.4298379436228956
105 111 0.7477596465365459
105 112 -0.1613723790863936
105 117 0.6508785269085267
105 118 0.4350405074348473
105 119 0.207541095573734
105 120 0.6787399691509073
105 175 0.5563823449242435
105 176 0.5813955942578393
106 34 0.0395461574124766
106 101 0.752494349460249
106 102 0.2724748005968445
106 105 -0.8399939016486926
106 109 -0.6778961107838501
106 110 -0.6003073054306156
106 111 0.8216741874760862
106 112 -0.1488439098478069
106 117 0.9114821616761676
106 118 0.3941157300086695
106 119 -0.8377586037084985
106 120 -0.9784622713384896
106 175 0.3597853548371346
106 176 0.2738091102448092
107 35 -0.2940116086282476
107 93 -0.8687030009367613
107 94 -0.2696267613443124
107 95 0.2741243165739806
107 96 0.411969734942716
107 101 -0.5797011296540078
107 102 -0.4559157624944001
107 109 -0.1725899358000473
107 110 -0.2125362926417813
107 111 -0.019703414962179
107 112 0.6141919446718112
107 175 -0.6034185462468238
107 176 -0.9175042284036764
108 36 -0.3161187413157751
108 93 0.1490110186712863
108 94 0.3542737558851394
108 95 -0.1371302681045401
108 96 -0.1947186076858074
108 101 -0.400335131006442
108 102 0.8629676276126044
108 107 -0.2557253672353112
108 109 0.407724505311791
108 110 -0.7864407646612241
108 111 -0.1774081296657772
108 112 -0.1437943989661356
108 175 0.9900668789364386
108 176 -0.327702340858947
109 110 0.688925872650267
109 133 -0.0442389563008294
110 134 -0.066077502182829
111 112 -0.610919943262825
111 135 0.9879481595987608
112 136 0.1021464407581465
113 41 0.6775094489058107
113 109 -0.6051661979784861
113 110 -0.1321847616544313
113 117 0.857840201420933
113 118 0.1116356331127235
113 119 -0.756465654905911
113 120 0.9336766433750456
113 183 -0.3140277640485585
113 184 -0.8590417560756223
114 42 -0.2182318565142327
114 109 0.474620554723514
114 110 -0.4874434546286514
114 113 -0.2201713996630729
114 117 0.3460330061953192
114 118 -0.1452593851720927
114 119 -0.2312129642934213
114 120 -0.8224295667620669
114 183 0.404228996203551
114 184 -0.718794452627975
115 43 -0.1882918059062783
115 109 -0.7344555916423716
115 110 -0.989020558493859
115 117 0.2119597855053299
115 118 0.8579359133259647
115 119 0.4728401581750692
115 120 0.5111367807355149
115 173 -0.0217351937136034
115 174 -0.0733959752765613
115 175 0.0482931566325119
115 176 -0.8179464766983018
115 183 -0.2555829174778652
115 184 0.030268285982683
116 44 0.0474143408417704
116 109 -0.4443480897493961
116 110 0.3167932948668859
116 115 -0.0981213413361539
116 117 0.1020461506581973
116 118 -0.2774006754539606
116 119 0.9678813422813172
116 120 -0.8447535812384315
116 173 -0.2939344092644167
116 174 -0.038380785687113
116 175 -0.7389810224602777
116 176 0.8213802254755542
116 183 0.2732091310804891
116 184 -0.291907844345892
117 118 -0.059066520767969
117 141 0.3038426061667594
118 142 -0.4897108555664107
119 120 0.3261572682801734
119 143 0.5744877171133662
120 144 0.766206270241911
121 49 -0.1357188593061666
121 119 -0.9487251424000878
121 120 -0.1279687597452308
121 125 0.4455119818612909
121 126 0.5087631040123544
121 127 -0.7998774683899079
121 128 0.029781029693656
121 133 -0.3295660580047066
121 134 0.3923027326668418
121 135 0.1935445509691553
121 136 0.3790571344844113
122 50 0.0947267686760131
122 119 -0.1881720014680294
122 120 -0.4940096719793259
122 121 -0.2876573051871929
122 125 -0.1386044787686182
122 126 0.5411219716861488
122 127 -0.8689302692551124
122 128 -0.0267340354822636
122 133 -0.8771166217135757
122 134 0.4348946548362875
122 135 -0.7175776000291165
122 136 -0.8448642643550204
123 51 0.7776036232401429
123 109 0.4184457244730668
123 110 -0.0714247362875024
123 111 -0.7575313680878943
123 112 0.0833850726959102
123 119 0.5258297842371975
123 120 -0.9800591380754188
123 125 -0.9328719726535726
123 126 -0.4470584129253891
123 127 0.759062035295412
123 128 -0.7232685728767663
124 52 -0.5010345030927637
124 109 -0.6268994109084509
124 110 -0.7251214647218034
124 111 -0.4705302742131587
124 112 -0.3606229881947504
124 119 0.7433218563621085
124 120 -0.4513762173371904
124 123 0.385836750858533
124 125 0.0823184525080489
124 126 -0.6347474456561246
124 127 -0.0965450051172338
124 128 -0.0140115907930942
125 126 -0.2660134789218746
127 128 0.2385320593858844
129 57 -0.5912500870282464
129 125 0.4939547056974778
129 126 0.244601345991593
129 133 -0.1433260290317235
129 134 0.5418161038101865
129 135 -0.7843886431023228
129 136 -0.3713695261576544
129 141 0.4577461465646428
129 142 0.6807286776206056
129 143 -0.9043024361822116
129 144 -0.0803772804882314
129 199 0.9294100906959162
129 200 0.1398243629382192
130 58 0.3520690533265398
130 125 0.5498794098614934
130 126 0.9693440206522628
130 129 0.7792617234224646
130 133 -0.936987217429083
130 134 0.6223220475581495
130 135 0.4129091306486439
130 136 -0.1074615010957014
130 141 -0.9226046518464588
130 142 -0.6942231491659194
130 143 -0.3846339027048617
130 144 0.8295165334515882
130 199 -0.0058220741633416
130 200 -0.51578700074427
131 59 0.7562323361303975
131 117 0.2805442144931747
131 118 -0.000656364496149
131 119 0.8713903228352875
131 120 -0.90932376747886
131 125 -0.9239809398758784
131 126 0.0549270875351262
131 133 -0.7582860366688275
131 134 -0.1726611981074126
131 135 -0.6722533648367499
131 136 0.783417223177103
131 199 0.9478855971090776
131 200 0.4597558659268177
132 60 0.6970355581076213
132 117 0.9378568317377284
132 118 -0.4386775956970277
132 119 0.4836280625475533
132 120 0.0687600000798962
132 125 0.9348094383233956
132 126 -0.8893990786880719
132 131 -0.2162239979195599
132 133 -0.7489634493993069
132 134 -0.5020975463426163
132 135 0.6262629050094453
132 136 0.215756040152409
132 199 -0.1201805803871856
132 200 0.747525515985348
133 134 -0.8744115633809879
135 136 0.6832545743303187
137 65 -0.0952594536228437
137 133 -0.6131700279039991
137 134 0.8786449292111467
137 141 -0.7872592054840752
137 142 0.9739269320057532
137 143 -0.885712510807598
137 144 0.463251054520696
137 207 -0.3929359525341223
137 208 0.0040141825883253
138 66 -0.0698144971160905
138 133 0.3958762808526852
138 134 -0.4283428790423598
138 137 -0.2391807746894498
138 141 -0.69210574683872
138 142 0.6351735494828479
138 143 0.94004977523644
138 144 -0.9579949766509857
138 207 -0.706564994777235
138 208 0.1191008647950779
139 67 -0.5683273720829827
139 133 -0.8209436489552824
139 134 -0.575886022547671
139 141 0.2774847550193147
139 142 -0.5326429654892093
139 143 0.6829855867617922
139 144 0.2796300551051052
139 197 -0.7260960229902964
139 198 0.930601754181804
139 199 0.0354245461598334
139 200 0.5647937070154194
139 207 -0.5494798223632915
139 208 -0.905336037955337
140 68 0.0745101387901283
140 133 -0.9382789516823012
140 134 -0.0022830855004591
140 139 -0.3166167383153599
140 141 0.1171768342299857
140 142 -0.6341464675871209
140 143 0.3522110450509657
140 144 0.1828316343689038
140 197 0.4996017451032748
140 198 0.9041883757174568
140 199 0.8732864215004617
140 200 0.0884182935632706
140 207 0.7599586777990559
140 208 0.918655106678664
141 142 0.253973045974446
143 144 0.1097455457713749
145 73 0.3496674727513007
145 149 -0.7199784746241285
145 150 -0.2930414373381576
145 151 -0.3900602843103766
145 152 -0.5891021730973933
145 157 -0.5511374562562732
145 158 -0.2496568599734565
145 159 0.1296063082293796
145 160 -0.9848904544602136
146 74 -0.984433184662683
146 145 -0.4042760141597965
146 149 -0.8823326268575844
146 150 0.4479505116882198
146 151 0.0408552185429518
146 152 0.5885799799106834
146 157 -0.3360874733392902
146 158 -0.0259501665726291
146 159 -0.4061330394871161
146 160 -0.3930277129150352
147 75 0.1267273277670957
147 149 -0.0567954015186609
147 150 0.2274123037581821
147 151 0.6181717295122275
147 152 0.5527304022040778
148 76 -0.1493575998310901
148 147 0.3120778268842237
148 149 -0.0860857529316991
148 150 0.3238066460413329
148 151 -0.8730549458704677
148 152 -0.2946311415068516
149 150 -0.4267330100034265
149 173 0.1342625846801635
150 174 0.7671385060565761
151 152 -0.7033138402576915
151 175 0.6213636588273326
152 176 0.3716271798444304
153 81 0.8217697794628742
153 149 0.1557522352818001
153 150 0.8444755354332931
153 157 -0.8912200502279963
153 158 0.0095584464246907
153 159 -0.8087299136746522
153 160 -0.2589976719968927
153 165 -0.6601287804143963
153 166 -0.7049475374660739
153 167 0.7052000904636673
153 168 -0.1614852190392557
154 82 0.4457939920836169
154 149 -0.6812694958533663
154 150 -0.633792889819931
154 153 0.0946493105984591
154 157 -0.0202502195768039
154 158 0.3453280432713135
154 159 0.8562663973504447
154 160 0.351118104360069
154 165 0.2819353420263968
154 166 -0.990667161136926
154 167 0.8613998064601056
154 168 0.0537800651267934
155 83 -0.619472780692665
155 149 0.211130713450566
155 150 0.6875132007064308
155 157 -0.5365835422055112
155 158 -0.1376225763476468
155 159 -0.90350299474507
155 160 -0.5181120211646069
156 84 -0.021626346292519
156 149 -0.3667307258908254
156 150 -0.2674391032091789
156 155 0.8398037974932184
156 157 0.8683324755025403
156 158 -0.8688138311633569
156 159 -0.6960021424963809
156 160 -0.6195877974873294
157 158 0.4292998220806869
157 181 -0.5321549028111887
158 182 -0.0186285046714398
159 160 -0.2592540334572502
159 183 -0.2851756985903304
160 184 -0.8937524589203893
161 89 0.9404808807142592
161 157 -0.3544105843979444
161 158 0.4479023529244976
161 165 -0.4894573274511087
161 166 -0.5455055576429801
161 167 -0.6710508203989543
161 168 -0.6244950147616648
162 90 -0.3217124552937149
162 157 -0.5682464122924382
162 158 -0.9916929848618375
162 161 -0.0301351028238436
162 165 -0.3397954038011286
162 166 0.3416554533684022
162 167 -0.7177169176354288
162 168 0.419637274001398
163 91 -0.65542948534919
163 157 0.4571301062365884
163 158 -0.8050286630866623
163 165 -0.0683413444715843
163 166 0.6037359692711421
163 167 -0.1814131147170816
163 168 -0.2703745969893287
164 92 -0.2243802701697266
164 157 0.9976335596104772
164 158 0.965632950430788
164 163 0.3638583650404912
164 165 0.5197750158067407
164 166 -0.9561182267011294
164 167 0.0897562869026686
164 168 -0.1717729040553808
165 166 -0.4724190003990045
165 189 0.669986524540394
166 190 0.660104500389741
167 168 0.1150949204621105
167 191 -0.793131944129708
168 192 -0.6117092060038956
169 97 -0.7734388326207966
169 167 -0.2627707408863169
169 168 0.9116316182831692
169 173 -0.8654445682875009
169 174 0.4479014150380211
169 175 0.7543526202288062
169 176 -0.0563209827451332
169 181 -0.7469083796772817
169 182 -0.5433233077939801
169 183 0.3423521337814081
169 184 -0.6328479166594987
170 98 0.9674321239391152
170 167 0.5057943289413565
170 168 0.1094361687730385
170 169 0.375195205270896
170 173 0.2398065891068095
170 174 0.8380591747919564
170 175 0.8942884764378234
170 176 -0.8130765487247167
170 181 0.958992303590199
170 182 0.7130307499438773
170 183 0.0868028982562156
170 184 0.7797732544024667
171 99 -0.4350239289006719
171 157 -0.7237322973592102
171 158 -0.6940933677542289
171 159 -0.4885847954670448
171 160 -0.1519500021194821
171 167 0.2491711604485462
171 168 0.5172671424501598
171 173 0.5301097534261767
171 174 0.1138106420532782
171 175 0.6240847497116551
171 176 0.6232951212927331
172 100 -0.283576334649299
172 157 0.7856261836093148
172 158 0.8215400994047464
172 159 0.0391271994811204
172 160 -0.4904828834215526
172 167 -0.5872830834760014
172 168 -0.740650392450724
172 171 0.1536622723599854
172 173 -0.9930318595381114
172 174 -0.9362459700317858
172 175 0.8705839352087064
172 176 0.8483207185664834
173 174 -0.3246428637404863
173 197 0.8597263327398756
174 198 0.4314339177682322
175 176 -0.8059692946995252
175 199 0.990201072968632
176 200 0.9020833363490568
177 105 -0.5773214553890862
177 173 -0.5340251088755654
177 174 -0.27814815851926
177 181 0.7959617697848196
177 182 0.5041061291032065
177 183 0.0937673327132091
177 184 -0.4490054097239779
177 189 -0.4668681827619003
177 190 0.4831614389876468
177 191 0.4085600132378264
177 192 0.0645949233789997
178 106 -0.5890574834136562
178 173 -0.8952185939717061
178 174 0.445770402005653
178 177 -0.4424895931682351
178 181 0.5629491877047361
178 182 0.8413830920414545
178 183 -0.2138660105036132
178 184 0.3621286738274789
178 189 0.8082145133868723
178 190 0.8550152298378184
178 191 -0.4213870948543829
178 192 -0.3026291249413024
179 107 0.5713590471341097
179 165 -0.79606759695168
179 166 0.1537754023128719
179 167 0.039897459086668
179 168 -0.3003813615097486
179 173 0.5177024853201162
179 174 0.2880676331127603
179 181 0.853228978695465
179 182 0.3050356415160269
179 183 0.7384040032109762
179 184 0.5382997378448262
180 108 0.1739599780770107
180 165 0.4814016914498866
180 166 -0.4843415634415651
180 167 0.7455509061620957
180 168 0.6904785514066245
180 173 -0.5059403285168458
180 174 0.286807855950717
180 179 0.7292118978289128
180 181 0.8716788887060827
180 182 -0.1596815209954012
180 183 0.5813607918660155
180 184 -0.4301814788763327
181 182 -0.7847314671384797
181 205 0.3377195890270184
182 206 0.1343849091043369
183 184 0.0592747617639501
183 207 0.3926297299275134
184 208 -0.9745158607006952
185 113 -0.3098898641343204
185 181 -0.4318211390319648
185 182 -0.1061078646564186
185 189 -0.2579644778001397
185 190 -0.110169649932359
185 191 -0.0674278165922757
185 192 -0.3605533581470648
186 114 -0.2092363121758413
186 181 -0.300699832742576
186 182 -0.4945376156160337
186 185 0.7157580047730963
186 189 0.5781766467951883
186 190 -0.3472062442261847
186 191 0.1692699590351705
186 192 -0.3432246221960331
187 115 -0.9357742007979906
187 181 0.9561474129414018
187 182 -0.4290018095674013
187 189 0.1076172466032947
187 190 -0.4701893630495179
187 191 0.2455710833546855
187 192 0.2811951069610785
188 116 0.026371431332663
188 181 0.8115840557631815
188 182 0.6549435528466796
188 187 0.9451410195396506
188 189 -0.2827565613503282
188 190 -0.9276684269456392
188 191 0.9663218446682598
188 192 -0.6039167708927065
189 190 -0.7972522969926255
189 213 0.5832225855620135
190 214 0.683374957260225
191 192 -0.0522590051361282
191 215 0.4928703530609326
192 216 0.9351062044203936
193 121 0.8092073198338461
193 191 0.5124438212494637
193 192 -0.0252229227899085
193 197 -0.9376574105304408
193 198 0.7332419796642236
193 199 0.5319002708901697
193 200 -0.1554473835713972
193 205 -0.1377457008282887
193 206 0.5406187184416189
193 207 0.2426262755979253
193 208 0.4119310886927105
194 122 -0.9077830215307584
194 191 -0.5866444747973911
194 192 -0.8266609985503623
194 193 0.9785966424315606
194 197 0.0657301153465013
194 198 0.9862304855091804
194 199 0.5388063826399947
194 200 0.6041623922778512
194 205 -0.3185645783109241
194 206 -0.6113401742813682
194 207 -0.5415547382948251
194 208 0.2349190769007072
195 123 0.1369085711387201
195 181 0.9639493548196854
195 182 -0.9450843855260456
195 183 0.4343969003296726
195 184 -0.875943194494103
195 191 0.922840599684692
195 192 -0.1722765467251905
195 197 0.4507589178916895
195 198 -0.548320774222534
195 199 -0.6843659445850983
195 200 0.0702218074189025
196 124 -0.8187602594532941
196 181 0.7393082411021088
196 182 0.8513511076712872
196 183 0.4985741054118946
196 184 0.6389364643984787
196 191 -0.676122665293897
196 192 0.9327531321364466
196 195 0.8196738448733785
196 197 -0.544309861409294
196 198 0.2451589916687846
196 199 -0.0985410647354712
196 200 -0.5338336100756804
197 198 0.3683555169296244
199 200 -0.1791280224656104
201 129 -0.887562995871116
201 197 0.3681568218634901
201 198 0.8212636944409599
201 205 -0.9643486597142406
201 206 0.7027287401065603
201 207 -0.9803156476474272
201 208 0.5713135257616517
201 213 -0.910710718222477
201 214 0.525256253004863
201 215 -0.0241650187990223
201 216 0.9506031163644616
202 130 0.3492403055602693
202 197 0.6393388472526982
202 198 -0.6211662653470107
202 201 0.9883518076865824
202 205 0.2416238579308465
202 206 -0.7242961286270952
202 207 0.4377143548766768
202 208 0.5488530954647641
202 213 0.7292574435728623
202 214 -0.5546936310318409
202 215 0.4146535020860054
202 216 -0.7643587231507518
203 131 0.3639873081352265
203 189 0.3059056305422685
203 190 0.6955850049974017
203 191 -0.6277509910950121
203 192 0.5980079362570987
203 197 0.4280831359718604
203 198 -0.5516227803923957
203 205 0.7561975014659792
203 206 0.5357418320026839
203 207 0.4636308001062528
203 208 -0.7188946182848073
204 132 -0.7120270028809046
204 189 -0.6450300334175081
204 190 0.4255194039811936
204 191 0.0061922441973212
204 192 0.4302089498992667
204 197 -0.9127166781274848
204 198 0.3719440119144173
204 203 -0.8565036133513013
204 205 0.2442540686017094
204 206 -0.8270141856968574
204 207 0.498302691452344
204 208 0.5231610367887343
205 206 -0.4829031728602015
207 208 -0.3426278868320036
209 137 -0.8195888849573469
209 205 -0.981760238731578
209 206 0.5569060720569368
209 213 -0.531283797142339
209 214 -0.063468660080957
209 215 -0.6885283641060496
209 216 -0.9017066834074086
210 138 -0.7113680631117956
210 205 -0.547261595557976
210 206 -0.6544650372379364
210 209 -0.7964469266388237
210 213 -0.9779372324271544
210 214 -0.1102557499080505
210 215 0.2405554389748785
210 216 -0.7527149731142191
211 139 -0.7915707794328701
211 205 0.2917087141620225
211 206 -0.4592794425325437
211 213 -0.4011455945565056
211 214 -0.1292661339257161
211 215 -0.136595067819597
211 216 -0.1101427129817032
212 140 -0.6826752806284775
212 205 0.5242841287676288
212 206 -0.9667882594062324
212 211 0.2252998072870098
212 213 0.8742796364950076
212 214 -0.6885744339760831
212 215 0.2215649817237961
212 216 -0.6367509306787409
213 214 -0.1079646954008755
215 216 -0.9952510083629182
