# 
1 1 -1.0348613411908891
2 2 -1.2975989513440291
3 3 0.2450529501078326
4 4 3.40990872430245
5 5 -2.114791615277766
6 6 3.8479428127651696
7 7 -0.468325646092933
8 8 1.0534836932783564
9 9 0.5108214600200922
10 10 1.8210304433331703
11 11 1.717438990945789
12 12 2.0074589779545637
13 13 1.030577778551839
14 14 3.442017246765622
15 15 -2.1378850978717496
16 16 3.163526716755441
17 17 0.5585090308056664
18 18 3.5318984792525763
19 19 3.353498821262252
20 20 -0.7938368686380324
21 21 -1.1379612436262343
22 22 0.9488876161530272
23 23 3.898119537394571
24 24 -1.9220083312819856
25 25 3.6272011772597343
26 26 0.5482511176730576
27 27 -1.4228509196629853
28 28 0.5131961426491252
29 29 -1.457787337423829
30 30 1.6165026106557576
31 31 -0.2046798091022061
32 32 1.5993506588979365
33 33 -3.065462534288332
34 34 2.2792454291962843
35 35 2.6919411055831706
36 36 -3.11558095839518
37 37 0.7288182913828392
38 38 2.649004046776797
39 39 0.6859456038876237
40 40 0.1166256358032304
41 41 3.872142389687859
42 42 -1.0862433446945916
43 43 1.9875732365792
44 44 0.1725345860852742
45 45 1.9901588800408456
46 46 0.1114368358843016
47 47 -3.3958266649437245
48 48 -2.310322352601534
49 49 -2.1552046642009746
50 50 -1.520219386503494
51 51 -3.080772725122748
52 52 -2.090358424658485
53 53 -0.4838496256343001
54 54 -1.3262915056203433
55 55 2.537738607890393
56 56 2.6994294214730745
57 57 -1.686637182970781
58 58 -2.241120792110773
59 59 -1.5072970706157989
60 60 0.9892972357386682
61 61 -3.086391326330662
62 62 -0.4777321872327009
63 63 0.7910800327328014
64 64 -2.6234455249210447
65 65 2.9194009525097355
66 66 -1.4830542336518295
67 67 3.5553183111190227
68 68 3.2923638138791933
69 69 2.842978225899836
70 70 -0.3565059348859618
71 71 -0.5904073771439728
72 72 2.3082323564110494
73 73 1.531474096597372
74 74 1.8957776438543688
75 75 -2.7722264284770635
76 76 -0.4376254357533007
77 77 2.912247975821159
78 78 2.0246771878419105
79 79 1.7800070422950949
80 80 -0.8304118572889783
81 81 -3.874162283752314
82 82 -0.950624432629568
83 83 -3.4466976722995284
84 84 -1.9341860484200024
85 85 -2.6998487175787096
86 86 0.1380449146231717
87 87 -3.784789852472409
88 88 -1.8569401454843095
89 89 -3.111238246479662
90 90 3.4475191970740715
91 91 -1.23651320563829
92 92 -1.4914114064886963
93 93 -3.754377810059623
94 94 1.0194954636370293
95 95 0.1052389805176083
96 96 -3.426649319882677
97 97 3.639455367718468
98 98 2.3870210481717384
99 99 -2.201094716887304
100 100 -3.027273732824187
101 101 -1.981842044938736
102 102 -0.7197623756332021
103 103 2.124662325428022
104 104 -2.2066428636911537
105 105 -2.38372061081666
106 106 -3.3655672242625174
107 107 1.0587218679174155
108 108 3.4626986450378867
109 109 0.075172473781012
110 110 -2.31583992466452
111 111 -3.7441756589454114
112 112 -2.467347306364175
113 113 1.2398805078180226
114 114 -3.2385056935731225
115 115 -1.140094613555558
116 116 -0.5421016863464283
117 117 -2.587166096548711
118 118 3.453271439612143
119 119 0.7593091786337682
120 120 -1.832543155874892
121 121 3.2283756045461853
122 122 -2.1877918154312352
123 123 3.592677947573152
124 124 0.3901650469021547
125 125 -1.0251959850439087
126 126 -1.626723387375411
127 127 -2.9236692296214946
128 128 -1.128274265315322
129 129 -0.7660107310276114
130 130 3.684172532323972
131 131 1.6761962020017505
132 132 -3.2523316614805937
133 133 -0.2002314571106174
134 134 1.791762302954668
135 135 1.48193207915293
136 136 -2.4004343530343237
137 137 1.201250694284516
138 138 -3.960158683350615
139 139 -0.5722026893760104
140 140 -2.3398243856136105
141 141 -0.6757276152319918
142 142 -0.2654039314984944
143 143 -0.1648231609845396
144 144 2.87057314309192
145 145 2.940385189143308
146 146 2.2134758399647563
147 147 -2.128676817958304
148 148 2.7308310498933617
149 149 -1.2845363762766286
150 150 3.261341022770237
151 151 -0.6999525361094738
152 152 0.5193690345243507
153 153 -0.8668104379398169
154 154 -3.620020644866369
155 155 3.4208506663742897
156 156 -0.0990031043955452
157 157 0.1165055742596399
158 158 -2.348129525872311
159 159 0.3489015608663237
160 160 3.914297000088692
161 161 2.952740586419781
162 162 -1.4887802356867024
163 163 1.382055580803339
164 164 0.7800531989217134
165 165 -2.139396858466725
166 166 -1.02951365105271
167 167 -0.6576209126836856
168 168 -0.1283771730637015
169 169 2.371652167824763
170 170 2.9945804401377725
171 171 -2.241640829991323
172 172 3.1851028814871256
173 173 1.2765081697291203
174 174 1.6332939868806688
175 175 1.6141367871996568
176 176 3.6676369864821767
177 177 3.163423867998894
178 178 1.9919341492957017
179 179 1.9110913926163853
180 180 0.0698704624090424
181 181 1.4115425076621315
182 182 0.5036141791831437
183 183 -1.9001491643926656
184 184 2.825293851279977
185 185 -0.1505658915472336
186 186 1.015849631676712
187 187 -1.3261080745313771
188 188 1.857589720110636
189 189 -1.825715989287735
190 190 -1.0985987089488924
191 191 -3.0627023080940896
192 192 -0.1157402737865131
193 193 0.8573998215502909
194 194 -1.8229351923080737
195 195 1.339105600547691
196 196 2.9021742174827256
197 197 3.1371368174616
198 198 -0.6314957940840147
199 199 -0.7446658978024843
200 200 -1.290332383838214
201 201 2.1552542669303616
202 202 0.9318100276654072
203 203 1.982836395399996
204 204 -2.943680040277507
205 205 1.6983569544962966
206 206 1.7626603565131296
207 207 -0.7140987665522722
208 208 0.1381335563130097
209 209 2.868582046855135
210 210 -3.390578413424145
211 211 -1.496471256580758
212 212 -0.7744603694010816
213 213 -3.667789196356996
214 214 -3.635195557220988
215 215 3.1681473209458346
216 216 -2.8786152043416893
1 5 0.6193541512290288
1 6 0.0497839343571733
1 7 0.7467418755967483
1 8 -0.2861481588480026
1 13 0.9072796035560844
1 14 -0.0569052589680878
1 15 0.465284158982834
1 16 0.7619365082429521
2 1 -0.7653381330187035
2 5 -0.2667275268753755
2 6 0.3456887400643909
2 7 -0.364749866954646
2 8 -0.4036705730422218
2 13 0.4203143492707308
2 14 -0.2030181741517789
2 15 -0.9818899205316044
2 16 -0.7400410025827484
3 5 -0.7786198153551651
3 6 0.1670555992666162
3 7 -0.6811429466200154
3 8 -0.0866333978183353
4 3 0.0192702602598053
4 5 -0.3308156793429733
4 6 -0.3988576456320984
4 7 0.5579658906100509
4 8 -0.0174745414025974
5 6 -0.7908838274681886
5 29 -0.7361044074321754
6 30 0.666145016776317
7 8 0.275851079072904
7 31 0.2349254060868764
8 32 -0.0022963590196769
9 5 -0.1983830488437414
9 6 0.3701309244330062
9 13 -0.4122175479738403
9 14 0.3113055676186345
9 15 0.3943736449643769
9 16 -0.2103519216813123
9 21 -0.4114507112106169
9 22 0.5009766502568322
9 23 0.9271454653077044
9 24 0.9745769223804714
9 79 0.4084021276239338
9 80 0.7885690393276337
10 5 -0.4390839813638629
10 6 -0.499737166780356
10 9 -0.372707582279691
10 13 0.6164436514550014
10 14 0.8246970829306888
10 15 0.4761686161386482
10 16 -0.4830087695339715
10 21 0.8960511372752296
10 22 -0.8760467865312249
10 23 0.1092655732404994
10 24 -0.2117620985606167
10 79 -0.0977240141166444
10 80 -0.8810737582558541
11 5 0.4621737033237409
11 6 -0.3213265207591511
11 13 -0.9892036361886104
11 14 0.6806866793888342
11 15 -0.8904597850527285
11 16 -0.2089097907675858
11 79 -0.6222295022834974
11 80 -0.8774438174281074
12 5 0.045210677031235
12 6 0.0369941344220488
12 11 -0.9722473050036806
12 13 0.982529537400824
12 14 -0.0882706197921838
12 15 -0.5404531858228505
12 16 -0.4166805599948395
12 79 0.0607724398821669
12 80 -0.7988560330134369
13 14 -0.5245566015146328
13 37 0.5184407384597454
14 38 -0.7246931833021812
15 16 -0.2087957999579521
15 39 0.683082941118986
16 40 -0.7504613546500827
17 13 0.1632822984263926
17 14 0.970219126420711
17 21 -0.7462531919577164
17 22 0.4530775950705568
17 23 0.5498869387112533
17 24 -0.9104009694395712
17 87 0.1225875612897353
17 88 0.9361808173125468
18 13 -0.4082239162622576
18 14 0.4151947370073321
18 17 0.2630109467251684
18 21 0.8816815325777572
18 22 -0.2159914186231286
18 23 -0.1067744972342412
18 24 0.3216926226066086
18 87 0.7340528016695305
18 88 -0.756510175264139
19 13 0.3195327608676817
19 14 -0.7435040109086946
19 21 -0.0055597774625839
19 22 -0.8931661529156731
19 23 0.6602814858904498
19 24 0.2717825427499498
19 77 -0.7041327622871263
19 78 0.4031950481421427
19 79 0.9405948466022004
19 80 -0.9450092951339304
19 87 0.2124795351003976
19 88 0.7727675442735029
20 13 0.0692083232959146
20 14 -0.4956661560963553
20 19 -0.0477780620362358
20 21 -0.3955955709275096
20 22 -0.3153753171199656
20 23 0.0958117917643541
20 24 -0.9947977757078196
20 77 -0.0866550604805878
20 78 -0.7948411958654074
20 79 -0.1359706615010216
20 80 -0.8372097445810214
20 87 0.2702807725045646
20 88 -0.6898661657256955
21 22 -0.2529493241160629
21 45 0.4923076283821959
22 46 0.1024053325621583
23 24 -0.2333776629891941
23 47 0.042471525989707
24 48 -0.8583212952471264
25 23 0.1072738014335203
25 24 -0.0031274144137105
25 29 -0.7264846048579057
25 30 0.1298194367952911
25 31 0.6525734285733928
25 32 -0.954292111646907
25 37 -0.3177810378851089
25 38 -0.5121575305293797
25 39 0.3284543768093702
25 40 -0.3636453675471203
26 23 -0.90845492373132
26 24 0.8355635776718027
26 25 0.645486324359521
26 29 0.6023998393061223
26 30 0.3591453715881558
26 31 0.812642911932485
26 32 0.8514361989942616
26 37 0.0047395596719124
26 38 0.574403847361195
26 39 -0.7717340888514785
26 40 -0.3043782922099571
27 13 -0.8608512995667823
27 14 0.9513380120525
27 15 -0.8204866836805818
27 16 0.3462975505548582
27 23 -0.2573316813005817
27 24 0.6864828223590198
27 29 0.0009429428848637
27 30 0.2887110646581827
27 31 -0.3972301037689913
27 32 0.5904211150634
28 13 0.8460905212750522
28 14 0.6754294304358273
28 15 -0.6547586064570636
28 16 -0.1131351809894931
28 23 0.4521701409430274
28 24 0.0328357937134091
28 27 0.5782743399092749
28 29 0.5258415822446434
28 30 -0.3209894451538391
28 31 0.0685543815347979
28 32 -0.8395589813062869
29 30 -0.8490574171195782
29 53 0.8217032194412288
30 54 -0.0899533280298139
31 32 -0.9688860483522812
31 55 -0.0110042725995354
32 56 -0.139609795645673
33 29 -0.9306381532807992
33 30 0.9499891046530364
33 37 -0.1830279067999696
33 38 -0.7649460188228643
33 39 -0.9352934724392352
33 40 0.650949412791596
33 45 0.041997707531771
33 46 -0.8564001461806339
33 47 0.9842162324485098
33 48 0.6432846109957915
33 103 0.1838250833805512
33 104 -0.8635540085305999
34 29 0.7055756720736608
34 30 0.2377999148062839
34 33 -0.3562545391692211
34 37 -0.3787393818094124
34 38 -0.4407300367641285
34 39 0.9486189779055584
34 40 0.5466214214368286
34 45 0.6882800764348065
34 46 -0.4277420442018398
34 47 0.0538336769462044
34 48 0.4447917633387337
34 103 -0.9613516628923062
34 104 -0.1399528159717624
35 21 0.2388670549353104
35 22 0.916457330620914
35 23 -0.5622239659135335
35 24 -0.1098374140412936
35 29 -0.5462649651255282
35 30 -0.7649000432552231
35 37 0.9712951694283104
35 38 -0.2934528922497228
35 39 0.3900562598344315
35 40 0.022010680099634
35 103 0.5728164095578423
35 104 0.9466919642564372
36 21 -0.5033824770031639
36 22 0.9316202025931082
36 23 0.0180684694011159
36 24 -0.71940705137542
36 29 -0.3183386698026174
36 30 -0.737396199853817
36 35 -0.1670313283723321
36 37 0.4798875122390591
36 38 -0.3243709590762567
36 39 0.2007293650770591
36 40 0.50446825277269
36 103 -0.8085868337657927
36 104 -0.2136808500478679
37 38 0.9918703557252232
37 61 0.1615774993378653
38 62 -0.5379507217977328
39 40 -0.4328709115966913
39 63 0.8604495197181539
40 64 0.7215687237282011
41 37 0.1150539175427625
41 38 -0.5071614464211311
41 45 -0.6648423421992395
41 46 -0.0069293753865311
41 47 0.6029384226277601
41 48 -0.3612033475518645
41 111 -0.138096023496093
41 112 -0.4210707472793102
42 37 -0.2658589616588482
42 38 0.1617672027281351
42 41 0.3330420095124955
42 45 0.5315256086327815
42 46 -0.5491792192682767
42 47 -0.8846735889020116
42 48 -0.6449200711218677
42 111 -0.7939048408184624
42 112 -0.2349008611688026
43 37 0.1101791355160264
43 38 -0.4701260947092904
43 45 0.0927461142751324
43 46 -0.6385905900953077
43 47 0.8901663899609082
43 48 0.4314181488290018
43 101 -0.1057180054360837
43 102 0.6644128768713586
43 103 0.3090207527798985
43 104 0.9522419559605682
43 111 0.604767065650665
43 112 -0.5201374821932254
44 37 0.6488092906940126
44 38 -0.4455213962191491
44 43 -0.6842764978298794
44 45 -0.8553433907490291
44 46 0.4924392469761796
44 47 0.9580418968069156
44 48 0.2501996166881599
44 101 0.3466218949229831
44 102 -0.2831482996678238
44 103 -0.8705210589654675
44 104 0.8935647908000979
44 111 0.5013719357319948
44 112 -0.1775160507758049
45 46 -0.1710616797986621
45 69 -0.0929063107414938
46 70 0.2370345155274436
47 48 -0.8781826944011182
47 71 0.2794522814904523
48 72 -0.1130715607321697
49 47 0.8330055144325659
49 48 -0.0288278088722175
49 53 0.1757903231211257
49 54 0.048521764196554
49 55 -0.8325951024467209
49 56 -0.1986562535458449
49 61 0.392751298858355
49 62 0.2832177149438819
49 63 0.2350191979166442
49 64 -0.3301715213826339
50 47 -0.1446088639464597
50 48 -0.8802698827232096
50 49 0.0051725364736738
50 53 -0.6800755656914552
50 54 0.8774501782222404
50 55 -0.7286515940972875
50 56 -0.0625299305187259
50 61 0.7167784010754568
50 62 0.215941948707627
50 63 -0.1576798765458145
50 64 0.6525114909922012
51 37 0.7037786608059406
51 38 0.0140911058203849
51 39 -0.1820334820951863
51 40 0.8288643114841443
51 47 -0.7935403725115533
51 48 -0.8125851092258669
51 53 -0.5090201907978384
51 54 -0.42652565354658
51 55 -0.5208484298864813
51 56 -0.6428131023542518
52 37 0.2914357198351036
52 38 -0.1038847040322841
52 39 0.2416201612402191
52 40 -0.9823806437731176
52 47 -0.1450912879419179
52 48 0.0637585578043697
52 51 0.9050825983364889
52 53 0.5225592234049521
52 54 -0.3414939019071812
52 55 -0.5620833758121184
52 56 -0.1906084150816007
53 54 0.2995712264742107
55 56 0.0897124292974262
57 53 0.5249691975277795
57 54 0.9018428316499764
57 61 -0.7585455702631856
57 62 -0.013226685806279
57 63 0.574991578568743
57 64 0.1750001116878974
57 69 0.3219766059014219
57 70 0.3464920477978501
57 71 -0.0814161847069085
57 72 0.5294607048736941
57 127 0.8283850205006522
57 128 -0.0270552135019914
58 53 -0.6905829563453418
58 54 -0.819810303780292
58 57 -0.5111537098152537
58 61 -0.4494640425610958
58 62 0.2653765295848866
58 63 0.5651344275302479
58 64 0.5020074181649881
58 69 -0.3662465669503327
58 70 0.1604223660186208
58 71 0.8583031433761996
58 72 -0.973141987085144
58 127 0.8005637162591446
58 128 -0.769260611868374
59 45 -0.0187524283816085
59 46 0.1158316539419148
59 47 0.1338510946128357
59 48 0.2114347528706048
59 53 0.8794278324261926
59 54 0.8649144597013187
59 61 -0.8716077940316036
59 62 0.1357792558940154
59 63 -0.2705460001740469
59 64 0.1401893251479196
59 127 0.8770989813771524
59 128 0.8723546885011533
60 45 -0.4177640684139909
60 46 0.6708442522368223
60 47 0.3098104682460649
60 48 0.3894666941453735
60 53 -0.1296920500769793
60 54 -0.1669414855416437
60 59 -0.5904040916216602
60 61 -0.7628364669301517
60 62 -0.2898650822481021
60 63 -0.1251366747447919
60 64 -0.4292355164978543
60 127 0.2140917067123551
60 128 0.367191586850208
61 62 0.3604379988152015
63 64 -0.7869236874439447
65 61 0.2717254855011739
65 62 0.2414973566271101
65 69 -0.1151042530238011
65 70 -0.1439374789421363
65 71 -0.7221738075278616
65 72 -0.4350645562163207
65 135 0.0030324296218695
65 136 -0.4378020287549768
66 61 -0.0508363830478721
66 62 0.445326884260016
66 65 0.6161504964549742
66 69 0.7744157780213567
66 70 0.2186985355138453
66 71 0.5669814031052729
66 72 -0.3540211262505282
66 135 -0.7887932262533643
66 136 0.4315570998207332
67 61 -0.4820437093227108
67 62 0.909080135685099
67 69 -0.4559126664736337
67 70 0.7520906963192935
67 71 -0.0359528817597027
67 72 0.1323034184882487
67 125 -0.0647051486254326
67 126 0.9058741815289076
67 127 -0.0768162391657651
67 128 -0.6881682326945249
67 135 -0.5959186168711397
67 136 0.6594254659576186
68 61 -0.0770832932542815
68 62 -0.0206400715026822
68 67 -0.9481257588503688
68 69 -0.3840015015958495
68 70 -0.6186778311701158
68 71 -0.5404083415349838
68 72 0.4403022029252554
68 125 0.1169336362551032
68 126 0.972542143273543
68 127 0.6602695193084838
68 128 0.9514375771094512
68 135 0.2853352828031186
68 136 -0.4439938944800143
69 70 0.0577109626148106
71 72 0.8820639123968694
73 1 -0.096772067964679
73 77 0.3283263451098854
73 78 0.074243434031811
73 79 -0.7024585805223142
73 80 0.8371849906420625
73 85 0.9723700193097023
73 86 0.7292555824269464
73 87 -0.5913499889779814
73 88 0.9510279144678326
74 2 0.5440567143942254
74 73 0.6432577938736137
74 77 -0.425917158957146
74 78 -0.4835104808144776
74 79 0.4919002260294716
74 80 0.8162452812002434
74 85 0.2761385355244705
74 86 0.4307390907825879
74 87 0.5899182722543115
74 88 0.7806513844232756
75 3 0.3277544859903203
75 77 0.2263534051174613
75 78 0.8993062792199129
75 79 -0.4734881052922015
75 80 -0.7285424469979158
76 4 -0.9177560925048336
76 75 -0.0140076180865207
76 77 0.6205072686404622
76 78 0.9973882736047596
76 79 0.2704529529099986
76 80 -0.9640938835032776
77 78 0.6783341224398647
77 101 0.9065614953857296
78 102 0.536661857476683
79 80 0.2906264664359825
79 103 -0.0376978430820043
80 104 -0.1379825853109162
81 9 0.8952976980837115
81 77 -0.1109743989306915
81 78 0.1162916372571138
81 85 -0.3875054663832891
81 86 -0.296392709788678
81 87 0.6257033654243156
81 88 -0.2252910797862557
81 93 -0.5914901422764776
81 94 -0.3699872561033412
81 95 0.7703128097077705
81 96 -0.5453221865206903
81 151 -0.1534583035926966
81 152 -0.425974378205572
82 10 -0.6509956241625052
82 77 0.0623566283017646
82 78 0.7243469058136838
82 81 0.5416306714072885
82 85 -0.3783025181461754
82 86 -0.6176296023631749
82 87 0.5939001535147712
82 88 -0.9276859531818138
82 93 0.3252392719992569
82 94 0.0515041092607555
82 95 0.547704315215201
82 96 0.4242476051657093
82 151 -0.1466819070418581
82 152 -0.681926757766063
83 11 0.3083458204532452
83 77 0.2823471222010068
83 78 -0.8692202779696374
83 85 -0.8510977558367898
83 86 -0.9137055332299522
83 87 -0.1964153409428359
83 88 -0.6316299379055099
83 151 0.1579102286786511
83 152 0.9686412292159065
84 12 0.3601925601445737
84 77 0.5164223392436846
84 78 -0.0411830286222554
84 83 0.9305968295307504
84 85 -0.943363574870647
84 86 -0.453360805457732
84 87 0.245677197289541
84 88 -0.2711427220192748
84 151 0.3172603292656462
84 152 -0.5821099156465352
85 86 -0.1338703880076175
85 109 0.7269548709078624
86 110 0.3635641610666815
87 88 0.9758662864534892
87 111 0.6946885224169908
88 112 0.4369035308944031
89 17 0.0586291070179987
89 85 -0.938332063122038
89 86 -0.206884739091355
89 93 -0.0296370909885603
89 94 0.5692830671193698
89 95 0.4006383763393319
89 96 -0.1175321651804599
89 159 0.5291995210846276
89 160 0.2280794200782288
90 18 0.2627665421743248
90 85 0.8907566869624668
90 86 -0.4938105089116718
90 89 0.93049180219233
90 93 -0.342163177136032
90 94 -0.9964321131988314
90 95 0.1759201440058573
90 96 0.2560475055897111
90 159 0.2721213347338833
90 160 0.2346051685212806
91 19 -0.8818300330487603
91 85 -0.7632742329312541
91 86 -0.6383779115096266
91 93 -0.2453702483674031
91 94 0.1421378289665875
91 95 0.8564363736171194
91 96 -0.8282208622173162
91 149 -0.5430993257609502
91 150 0.9742343071933408
91 151 0.8465514709064386
91 152 0.4194594322181968
91 159 -0.0238989177295172
91 160 -0.7606205351640758
92 20 0.3429322843579243
92 85 0.7963986711037694
92 86 0.131628906903424
92 91 0.8301157310148608
92 93 0.6065439926633556
92 94 -0.4349561783989744
92 95 -0.0825474686691911
92 96 0.5248538989002618
92 149 -0.0907563900413692
92 150 -0.4796928578640733
92 151 0.9431090835271744
92 152 -0.3437917368700673
92 159 -0.9991968412851302
92 160 -0.4826599136030511
93 94 0.897162157717911
93 117 -0.0541998217585291
94 118 0.3502124764884202
95 96 0.8299791521718549
95 119 -0.2466342299710198
96 120 0.4756483340081121
97 25 -0.1023855720396262
97 95 -0.3231273766658697
97 96 0.8446613622866015
97 101 0.2592172954085179
97 102 -0.6385562562888321
97 103 -0.0676777331271349
97 104 0.093445409509604
97 109 -0.3811787550468031
97 110 -0.0683166194082316
97 111 0.9228721249607394
97 112 -0.2493578092293773
98 26 0.8011165818348849
98 95 -0.5547823887770316
98 96 -0.0697211469351781
98 97 0.8342624296305932
98 101 0.4553388280384476
98 102 0.7725104141338537
98 103 -0.1484008467208344
98 104 0.1142790568955718
98 109 0.8667705197774722
98 110 -0.2451699156329894
98 111 0.222974883852083
98 112 -0.4657465657459987
99 27 -0.0349834945391949
99 85 0.9572578088148124
99 86 0.0516028813153521
99 87 -0.8369123598645294
99 88 -0.5208129137679742
99 95 -0.2794596685042474
99 96 0.9407112455947864
99 101 0.4399090603618933
99 102 -0.6218443209656082
99 103 0.007260767316032
99 104 -0.5742853715842666
100 28 -0.7727307445885963
100 85 -0.9759967283367388
100 86 -0.95879289194404
100 87 0.1535618232995836
100 88 -0.9706382887858948
100 95 0.0675487272698676
100 96 -0.777105233809096
100 99 -0.0098689667453308
100 101 0.6482491465309406
100 102 0.5342785706655098
100 103 -0.2340968692821057
100 104 -0.4858225083082377
101 102 -0.403750679722521
101 125 -0.8049544774666524
102 126 -0.1763741351184036
103 104 0.2147109937718689
103 127 0.2342376737448763
104 128 0.2239590916145537
105 33 0.9309588003432984
105 101 -0.5004045771265593
105 102 -0.2638922953356188
105 109 -0.6488149407771071
105 110 0.2926451424360954
105 111 0.9063094491238745
105 112 0.9118060038031326
105 117 0.8918300509560435
105 118 0.7606446327237502
105 119 0.1855398194696613
105 120 -0.6287064575546888
105 175 0.2390415400449168
105 176 -0.2602029815108739
106 34 0.4348761460140975
106 101 -0.1650640620945516
106 102 -0.5291043932978055
106 105 -0.323682855894791
106 109 0.6154820003104278
106 110 0.1736051950804897
106 111 -0.9126156910225058
106 112 0.4027845952215465
106 117 -0.2004132729530883
106 118 0.916372612314608
106 119 0.2098614927061644
106 120 -0.8715546698221381
106 175 0.1946759714029977
106 176 0.6141135194583305
107 35 -0.9381974417543766
107 93 0.046213708690117
107 94 -0.0173279794130085
107 95 0.9026703793822968
107 96 0.6937013339851732
107 101 0.5983690539118891
107 102 -0.8095084643981885
107 109 -0.0881030932833857
107 110 -0.8241161634848853
107 111 0.4610188493362364
107 112 -0.9740618707269388
107 175 0.4338026719292511
107 176 -0.0938797948823064
108 36 -0.4370814167703563
108 93 0.6902419396462347
108 94 0.4291642847025787
108 95 0.832284538802027
108 96 -0.5630915927107103
108 101 0.9208792084359644
108 102 0.6099444010094863
108 107 -0.2885710764676357
108 109 -0.9896274132667016
108 110 -0.4105231052022724
108 111 0.5585764244290174
108 112 0.6482591210268756
108 175 -0.0650328296435456
108 176 -0.9430136091770334
109 110 0.8727699493577414
109 133 -0.6648086568188938
110 134 -0.2982353131246076
111 112 0.4929751890954645
111 135 0.9762974330882837
112 136 0.6264422155183198
113 41 0.4106289131453249
113 109 -0.5855898360445431
113 110 -0.6097761289951313
113 117 0.4723930423927245
113 118 -0.6012611018578036
113 119 0.4326744732608272
113 120 0.4775960778760042
113 183 -0.5427856652625973
113 184 0.5867841474380657
114 42 -0.4169055257335852
114 109 0.5716326083291157
114 110 0.9915534786310498
114 113 0.2898849984996214
114 117 -0.6214399199768745
114 118 -0.8219009487501392
114 119 -0.9014951472695848
114 120 -0.3397454713919758
114 183 0.7818620230190021
114 184 0.0750201069609386
115 43 -0.8888300755202172
115 109 0.5831691332389612
115 110 0.2675138692561403
115 117 -0.3594074934069839
115 118 0.7285276225360076
115 119 -0.5545706520363303
115 120 -0.5667569841360487
115 173 -0.1209489053060721
115 174 -0.9767327667790004
115 175 -0.1647214265493968
115 176 -0.1726181305348999
115 183 -0.2834154131513011
115 184 0.2079842743965367
116 44 -0.7191411843238915
116 109 -0.2007156165655099
116 110 -0.7819666803585246
116 115 0.4867017948816607
116 117 -0.209922117611085
116 118 -0.1003934094582545
116 119 -0.6225176082191473
116 120 -0.90396923949597
116 173 0.959950816129994
116 174 -0.5372866872394197
116 175 0.7010997419197511
116 176 -0.6753007167540483
116 183 0.4020329432241831
116 184 -0.957278095110884
117 118 0.961661669549289
117 141 -0.1052517143616071
118 142 -0.2357998140906092
119 120 -0.0677312641090062
119 143 0.1571700778917586
120 144 -0.4075775180073813
121 49 -0.812572902570307
121 119 -0.7530632641360946
121 120 -0.8809277292328959
121 125 0.4469600415740244
121 126 0.1211254508926713
121 127 -0.5944453093209332
121 128 -0.0332701222523481
121 133 -0.6558969088176347
121 134 0.3764461141377742
121 135 0.6482707699582282
121 136 -0.0751366093948955
122 50 -0.9852281920086852
122 119 0.6091608334826966
122 120 0.8182135048785539
122 121 -0.3101490014539712
122 125 0.7244828293546048
122 126 -0.4500728774294575
122 127 -0.8844155133582354
122 128 -0.2723568481816851
122 133 -0.0211177421903927
122 134 -0.5252767316244624
122 135 0.0308250367815685
122 136 0.4269387953721344
123 51 -0.7715276214745685
123 109 -0.3176200675880054
123 110 0.4980252005675882
123 111 0.9811795543460372
123 112 0.5016811943385813
123 119 0.544191007647179
123 120 0.6283503314285024
123 125 -0.4958701419321003
123 126 0.8942803271620754
123 127 -0.3696222088250775
123 128 0.5155858898296062
124 52 -0.969583877845511
124 109 -0.1378966010585742
124 110 -0.5691826987763513
124 111 0.3770176950068489
124 112 0.5797034682394249
124 119 0.4567247559125806
124 120 0.5029081203801535
124 123 -0.4591177125811552
124 125 0.952584049948442
124 126 0.5131448703154784
124 127 -0.3268539022280905
124 128 0.891771503320538
125 126 -0.0682026383556719
127 128 0.7490198059987001
129 57 0.052387341227734
129 125 -0.803971795949354
129 126 0.926591685253994
129 133 -0.2043127832439124
129 134 0.720896920215405
129 135 -0.0502984649829976
129 136 -0.9531676109608432
129 141 0.3857459639061433
129 142 -0.3748361616947084
129 143 0.0065219708526849
129 144 0.8360188186810467
129 199 0.8602125814492139
129 200 0.2923615863065005
130 58 0.7389903217814688
130 125 0.6342898162766024
130 126 -0.5701715306076052
130 129 0.3068293805100088
130 133 0.3443924095895805
130 134 -0.4296832670743435
130 135 -0.191515607097829
130 136 0.964555710574488
130 141 -0.3156964338742289
130 142 -0.1347258290943795
130 143 -0.7944222706108768
130 144 0.2988702208797666
130 199 -0.2449025709370202
130 200 -0.6756258504374018
131 59 0.7436780374928906
131 117 0.3696414143578281
131 118 -0.713531250431636
131 119 -0.6987700398112326
131 120 -0.8703826412040749
131 125 -0.3617565333516812
131 126 0.9006810260289033
131 133 -0.3701481273296152
131 134 0.5801050702723083
131 135 0.6180021805233233
131 136 -0.0758628205340521
131 199 -0.0183851468283529
131 200 0.3469109494344427
132 60 0.268440444776576
132 117 -0.7903638011698753
132 118 -0.243762823775401
132 119 -0.4998658363635484
132 120 -0.3169651421696835
132 125 0.381740728670517
132 126 0.7240487641326607
132 131 -0.2513949482776627
132 133 -0.7018634823314807
132 134 0.1887797244771365
132 135 -0.8174840592533472
132 136 0.3090056330264268
132 199 -0.1267059901638281
132 200 0.182414085793573
133 134 -0.6489507124673637
135 136 0.7597127791454428
137 65 0.6978505949539764
137 133 -0.2798098981598702
137 134 -0.1681424649755507
137 141 0.8123242438099574
137 142 -0.0436229106703009
137 143 -0.5150812399675979
137 144 -0.9539669446967416
137 207 -0.3130180769718129
137 208 -0.1779083509812034
138 66 0.192098234261633
138 133 0.873899155459186
138 134 0.2498375246744189
138 137 0.1252733350202624
138 141 0.2481269263881869
138 142 -0.838201178947461
138 143 0.3644128386115079
138 144 -0.9613150313808032
138 207 -0.8076376575538211
138 208 0.7463584595318
139 67 0.0371254119003179
139 133 0.3563685317320908
139 134 0.0993057424029619
139 141 -0.0399416836714705
139 142 -0.901816780263362
139 143 0.7810391108302079
139 144 0.1961790437826314
139 197 -0.8588841377169454
139 198 0.8108718228343241
139 199 0.604032014629782
139 200 0.931259513846783
139 207 -0.5924544158086085
139 208 0.5188320044035417
140 68 -0.3233638991485961
140 133 -0.4604402504651521
140 134 0.9323786667605248
140 139 -0.6412786403939141
140 141 0.7206313300234168
140 142 -0.4818367652636033
140 143 -0.0157259749493574
140 144 0.7248902634649697
140 197 0.8667561182317374
140 198 -0.4204249330923386
140 199 -0.9478558678679744
140 200 -0.93015851536743
140 207 0.5655027565588611
140 208 -0.1304219872103567
141 142 -0.1971817744978892
143 144 -0.9905414045167896
145 73 -0.2357525871581143
145 149 -0.1278116003244298
145 150 0.6020640757987938
145 151 0.8431694472469933
145 152 -0.6212237232350986
145 157 0.2153014503155494
145 158 -0.750792856249314
145 159 -0.3852219575109732
145 160 -0.197178093922437
146 74 -0.5551022008108883
146 145 -0.9476680634348535
146 149 0.4892600021587456
146 150 -0.6700503708094137
146 151 0.3538462456709195
146 152 -0.2340247953142533
146 157 0.5467847562124617
146 158 -0.8726806902958584
146 159 0.6736184667565683
146 160 0.5939405557330515
147 75 -0.9778173780232732
147 149 -0.0738151610438364
147 150 -0.3692615161987969
147 151 0.4675737088844909
147 152 0.7597360858590223
148 76 0.1395200563861567
148 147 -0.0105837129842196
148 149 0.1093623801081202
148 150 0.3033730230599012
148 151 -0.2379952152354212
148 152 0.8540618216367633
149 150 0.2164609120932947
149 173 -0.3818959436064262
150 174 -0.6719743546710932
151 152 -0.9044048564522686
151 175 -0.8666074401621451
152 176 0.6049372502245496
153 81 0.3872156191098568
153 149 0.2605799117612721
153 150 0.5791627186934947
153 157 -0.9905554318888788
153 158 0.8022444986610426
153 159 -0.964865605458783
153 160 -0.5241560396065101
153 165 -0.0010577853978259
153 166 -0.5574117054592322
153 167 -0.8119543392034294
153 168 -0.6631309288683935
154 82 -0.9207381050032236
154 149 -0.2868488045627102
154 150 -0.1379670638097667
154 153 -0.8971677927615131
154 157 -0.406373614273406
154 158 -0.0905225742472202
154 159 0.4852652167763269
154 160 -0.5990007048405706
154 165 -0.7805338335319607
154 166 0.0695873107036411
154 167 0.3622387025716198
154 168 -0.7290687922132602
155 83 -0.8495226546818886
155 149 -0.7530361107906043
155 150 0.900673065123619
155 157 0.6870043485082027
155 158 -0.3504496471890821
155 159 0.0389226889682707
155 160 -0.7760393834856827
156 84 0.371300267917847
156 149 -0.7546728372655942
156 150 -0.6067831299008577
156 155 -0.1456112751822225
156 157 0.4033536466502057
156 158 0.0850745521607403
156 159 0.2868533587228219
156 160 0.3412945980666924
157 158 0.7335994196055278
157 181 0.9610739533393708
158 182 -0.03837086067876
159 160 -0.9946544235945368
159 183 -0.3101161052524597
160 184 -0.5372434854473989
161 89 0.4646487826712577
161 157 0.7552906452724037
161 158 0.7495622603974721
161 165 0.7919950737066022
161 166 0.1570341618340771
161 167 -0.7174179903774001
161 168 -0.0217061272123977
162 90 -0.2568747978715462
162 157 0.5642730852323639
162 158 0.2558687990435118
162 161 -0.6734931359518992
162 165 -0.3739740789199879
162 166 -0.8246579204326521
162 167 0.7800598468053774
162 168 -0.173947462959666
163 91 -0.1328951547957824
163 157 -0.5726647094244555
163 158 0.0783189234984553
163 165 0.4085636672633825
163 166 0.094738356053099
163 167 -0.8206982865498469
163 168 0.193770074346623
164 92 -0.2514302544771982
164 157 -0.2222269531173879
164 158 -0.9886218772422948
164 163 0.3319284440845917
164 165 0.3840972761402885
164 166 -0.8578236929762451
164 167 -0.093769543132685
164 168 0.589789725999047
165 166 -0.9603451365844412
165 189 -0.5289849338620725
166 190 0.8840235480329686
167 168 -0.6275882040809793
167 191 -0.2902161571487618
168 192 -0.0664743735324933
169 97 -0.8031778238310217
169 167 0.4414553063947304
169 168 0.0127946934778864
169 173 0.754285756022661
169 174 -0.5800780072128635
169 175 0.2057833638098429
169 176 0.2399083578589751
169 181 0.4704407413038467
169 182 0.6526233315562446
169 183 0.2814616183833915
169 184 0.1423244977476709
170 98 -0.1157741941188905
170 167 0.5441426828384388
170 168 -0.2979738839108901
170 169 0.5550683086905819
170 173 0.5545351510656789
170 174 0.7165370884322175
170 175 -0.2407132596342418
170 176 0.1989059085982154
170 181 0.9075061620488996
170 182 -0.5392383193108139
170 183 0.9018936566225207
170 184 -0.7587048775396326
171 99 0.7455086998639848
171 157 0.0169575996116961
171 158 0.4585818037638187
171 159 -0.8308307896473475
171 160 0.1184178411269996
171 167 0.5345593969472071
171 168 0.8498577659506239
171 173 -0.2507206390182606
171 174 0.8648785035921156
171 175 0.2839296014782571
171 176 -0.7438381539639067
172 100 -0.670918092645723
172 157 -0.4650444016293216
172 158 -0.136826559521733
172 159 0.7159827096079785
172 160 0.6431435352653687
172 167 -0.6050735128325442
172 168 -0.2771544584152867
172 171 0.4976660596084719
172 173 -0.1120919756704081
172 174 -0.5538681105058156
172 175 -0.4351482143032601
172 176 0.4021143480445084
173 174 -0.2149630610585304
173 197 -0.5183815016008855
174 198 -0.549623427043036
175 176 -0.463317612573658
175 199 -0.9041391445532594
176 200 -0.9109306276329712
177 105 -0.5146754158696847
177 173 0.800471113070472
177 174 0.6888975409079998
177 181 0.918448631273197
177 182 0.4367455607713175
177 183 -0.9138960491811556
177 184 -0.1595322060945572
177 189 -0.8614733150300304
177 190 0.0979312626861557
177 191 -0.3188758153965236
177 192 0.4315766012588307
178 106 0.9792528683419148
178 173 -0.4842329081873182
178 174 -0.4924932632479804
178 177 0.326167505022866
178 181 0.1371736824339235
178 182 -0.0368402515437646
178 183 -0.8674555732194964
178 184 -0.3003769460197238
178 189 0.9581501427482936
178 190 -0.6541256847861803
178 191 0.7865087118222784
178 192 -0.2889149831760094
179 107 0.5067713289708495
179 165 -0.4109205689102342
179 166 0.6176607441645685
179 167 0.8182039259635592
179 168 -0.5919532918850015
179 173 -0.3386087756429927
179 174 0.071675366185657
179 181 -0.5131898698672432
179 182 -0.5090697151134058
179 183 -0.5011222072819752
179 184 0.8281293052106236
180 108 -0.8714191595808112
180 165 -0.5633698098050466
180 166 -0.859099700343227
180 167 -0.5633528923444049
180 168 -0.6899056348954342
180 173 0.9397162256222936
180 174 -0.1973626397890937
180 179 -0.1585482499211437
180 181 0.272123800101715
180 182 0.5084589759934903
180 183 0.1109844761492169
180 184 -0.9585663761540716
181 182 0.8210184245599339
181 205 0.1594816930341651
182 206 -0.7118675859307184
183 184 -0.8101772301547494
183 207 0.4578776585516411
184 208 -0.1475627660777485
185 113 0.1599234925681156
185 181 -0.4034946741449956
185 182 0.3657624467378306
185 189 0.4055751271850909
185 190 0.0967499530040096
185 191 0.9445953727773168
185 192 -0.3938323236846275
186 114 -0.9567041243972004
186 181 0.89733163179552
186 182 -0.7683435583163627
186 185 -0.9440394093718752
186 189 0.0547692302165232
186 190 -0.9368068525631424
186 191 0.6010224701011813
186 192 -0.2578379648677715
187 115 0.4610744053180755
187 181 -0.8501609739142304
187 182 0.229181051715799
187 189 -0.1824864164521584
187 190 0.7293244189838683
187 191 -0.607389404870559
187 192 -0.6037566395031537
188 116 0.0334835737034004
188 181 0.446041410978341
188 182 0.3468440693343642
188 187 0.9094423908492246
188 189 0.1447195387639472
188 190 -0.2441092875357386
188 191 0.5951899704863037
188 192 0.0245124729038697
189 190 0.7726695073269665
189 213 -0.6436585969981954
190 214 -0.3885071968266087
191 192 0.2899217404963516
191 215 -0.2020077738933465
192 216 0.8583600371470883
193 121 0.6422334666819562
193 191 0.904427225533326
193 192 -0.6744933241843907
193 197 -0.8193443417184145
193 198 0.1122542852229357
193 199 -0.4451548442472715
193 200 -0.3323358790538337
193 205 0.2019958878586691
193 206 0.9287766031944608
193 207 0.0512541483355093
193 208 -0.2059123611033944
194 122 0.8786623234212714
194 191 0.5509334727986761
194 192 0.7605315786075437
194 193 -0.4629866866849685
194 197 0.30003797403562
194 198 -0.4019497742252942
194 199 -0.5060521651312284
194 200 0.5203554887092137
194 205 0.9789808680165912
194 206 -0.9034795789040296
194 207 0.1367444486829236
194 208 0.4708810532440435
195 123 0.822594463582927
195 181 -0.6225484191890727
195 182 -0.4645548968676032
195 183 -0.4830817328552277
195 184 0.5553746393488168
195 191 0.4159314272316832
195 192 -0.9565944686146184
195 197 -0.6466813260882853
195 198 0.5557212583075137
195 199 -0.5439957984875707
195 200 -0.1474817836680078
196 124 0.3953158715290989
196 181 -0.3094101526963482
196 182 -0.5522964767380234
196 183 -0.7658488178399734
196 184 -0.4212237529651272
196 191 -0.8856319201089009
196 192 0.2878153271413857
196 195 -0.4178174299713377
196 197 -0.206234351996152
196 198 0.2756590935210157
196 199 0.7914984848672157
196 200 0.8633394764101434
197 198 0.9610612881807284
199 200 0.2110224361492536
201 129 -0.6358985357646563
201 197 -0.9620787015283724
201 198 -0.3414275647021418
201 205 -0.1833471304024714
201 206 -0.3980957519697747
201 207 0.634457920490491
201 208 -0.1900408449816286
201 213 -0.0536550383929506
201 214 0.6710464260923164
201 215 0.1310138578878055
201 216 -0.7609770316807623
202 130 0.9064202515780752
202 197 0.8540651964832353
202 198 -0.5776807356259186
202 201 0.8212941710503834
202 205 -0.2581680632307337
202 206 -0.0559173906778782
202 207 0.0470672137233492
202 208 -0.5952262184754595
202 213 -0.0379387903754078
202 214 0.6050469334568456
202 215 0.6920573050224856
202 216 0.7714141211364285
203 131 0.4475923455752355
203 189 0.0086177572403673
203 190 -0.9627434821264552
203 191 0.2184605470177683
203 192 -0.3266380390105234
203 197 -0.8190800870669117
203 198 -0.9067108040021774
203 205 -0.8532574543357134
203 206 0.7601122518479639
203 207 0.0283520031265047
203 208 0.8161291547401914
204 132 -0.72748102121944
204 189 -0.1027861687160578
204 190 0.866616543142738
204 191 0.0970914031088894
204 192 0.1721165428378359
204 197 0.325546885798095
204 198 0.6463343242227617
204 203 0.4829245016354546
204 205 0.861268028580989
204 206 -0.2803858783591975
204 207 -0.5847457310181088
204 208 0.5947046521300787
205 206 -0.2465083246539867
207 208 0.1197486380171282
209 137 0.8852674779629381
209 205 -0.9524122069353298
209 206 0.6924673045039116
209 213 -0.522792579756985
209 214 0.3726001998926636
209 215 -0.9096887841399156
209 216 -0.2104522148187289
210 138 0.2850063740794855
210 205 0.4104570410055859
210 206 -0.1348650325041622
210 209 -0.0234363301519215
210 213 -0.7492904573828549
210 214 0.6085028803208334
210 215 0.4202388357877373
210 216 0.8201674985935834
211 139 0.2663869355959398
211 205 0.5367847332461746
211 206 0.2342438101096178
211 213 0.3442941887639104
211 214 0.2229405604594461
211 215 0.896213114813011
211 216 0.3944326079918918
212 140 0.1612333356809829
212 205 0.0070200074689394
212 206 1.2168470893136885e-06
212 211 -0.139193403915582
212 213 -0.6151560526959261
212 214 0.0439135394881429
212 215 -0.4666595025351947
212 216 0.4782520101664067
213 214 -0.3161630700153328
215 216 0.716436972207598
