# 
1 1 -1.5289706627370148
2 2 3.6107493818666097
3 3 -3.799878463766972
4 4 2.972041894685148
5 5 3.1046652329528097
6 6 0.852052208248705
7 7 2.1649998869327085
8 8 -2.18997330494125
9 9 0.99962152996956
10 10 2.5720122736086184
11 11 3.601403645617885
12 12 -3.060073548682237
13 13 3.913198098829403
14 14 -3.1140690211887856
15 15 2.135032747454209
16 16 -0.6615426947441092
17 17 -2.8630588637357945
18 18 -3.0081754915310643
19 19 3.9650051689069303
20 20 0.3547578117112362
21 21 1.844988396096552
22 22 1.749924689842426
23 23 2.889831802010256
24 24 0.456923457150677
25 25 -0.0118538216795291
26 26 2.85788686479054
27 27 -3.490012554302792
28 28 2.083303812466045
29 29 1.4955056917523066
30 30 2.229815569831556
31 31 -1.29960126891448
32 32 -1.047006960425593
33 33 2.125303144496497
34 34 -2.0424407818988515
35 35 3.475243520091298
36 36 -1.795991296913014
37 37 -2.9288066037949134
38 38 -2.226492827834029
39 39 -0.4468389844966438
40 40 -3.967701577193253
41 41 -0.92847716581005
42 42 -2.8357894929716343
43 43 -0.2391104613184005
44 44 2.176403533723078
45 45 2.922907108951424
46 46 -0.9193937064791068
47 47 0.2918507828880416
48 48 -1.9360842353588108
49 49 1.1657816640565422
50 50 -1.3536737061950914
51 51 -1.3954063549247842
52 52 2.671012519173797
53 53 0.8195000399219081
54 54 -1.8619384681598188
55 55 2.5625774057362958
56 56 1.1144423568569
57 57 1.6035088899325238
58 58 -2.2635183589130943
59 59 -0.9107706209729524
60 60 3.329127862748609
61 61 -0.062176355295251
62 62 1.0285084978613313
63 63 0.8009081178849717
64 64 3.845733178262429
65 65 1.5034546481796154
66 66 -3.058314091964845
67 67 -3.2004661190484285
68 68 -3.636644552271596
69 69 -3.283124135788276
70 70 -2.3868285262417244
71 71 1.641946567639474
72 72 -1.5443536622233085
73 73 -0.9295940502108166
74 74 -1.9436863298854967
75 75 3.2668614635698727
76 76 3.306657039643752
77 77 -0.0940358330717989
78 78 -3.388605427467133
79 79 -0.2544811611091404
80 80 2.7451201406229115
81 81 -3.4415877542813744
82 82 1.3785851449941724
83 83 3.9947562444296576
84 84 1.7195662264189462
85 85 -0.7448850566348275
86 86 -2.530486020146408
87 87 0.0317450274167558
88 88 1.1757577138564257
89 89 0.6747832832396714
90 90 2.465780237775763
91 91 2.9729482535969343
92 92 -1.0615405020514084
93 93 3.632787222128301
94 94 -1.0362147187393242
95 95 -1.5470701243345504
96 96 3.5820954945527976
97 97 -1.0209457378985816
98 98 -3.909658645004546
99 99 1.6876183747646794
100 100 2.071287341411738
101 101 0.2034269291172608
102 102 -2.5188291169586234
103 103 2.130558901758519
104 104 -0.8067820975068152
105 105 3.732527467056132
106 106 2.702795165090905
107 107 -2.916626040749179
108 108 1.49905640465332
109 109 -2.204075588634181
110 110 0.030807032569915
111 111 1.877032562428651
112 112 -0.5072574925846425
113 113 -2.6411453007399777
114 114 0.9485785556927384
115 115 2.172798541586163
116 116 1.5729666375661004
117 117 0.4484109650046823
118 118 0.5516974658286751
119 119 1.307344148042361
120 120 1.0504519841247166
121 121 -0.195376683225164
122 122 -1.950462785070802
123 123 -1.1292352088397264
124 124 -2.969782365524403
125 125 2.0394849331428526
126 126 0.2487350658880212
127 127 -3.717873737996187
128 128 1.455607139344635
129 129 2.798694260589408
130 130 0.9586204420513472
131 131 1.7635043457241393
132 132 -0.5315959288679837
133 133 3.901230085864196
134 134 3.3744160889331374
135 135 2.8623770939100046
136 136 -3.4060855927
137 137 -0.8515296147022084
138 138 1.770558269494444
139 139 -3.757650213933848
140 140 -3.1733537279748045
141 141 -2.923649884141832
142 142 1.5507747025965752
143 143 -2.3478527709557886
144 144 1.2291206247883455
145 145 -0.8994109950690214
146 146 1.332707446648512
147 147 -2.4352021719463206
148 148 -3.25626847651039
149 149 -3.742029537133845
150 150 -3.2229015669813768
151 151 3.3364837835881493
152 152 -3.946061677066133
153 153 -0.9598616690189584
154 154 2.3234813038977107
155 155 -0.0556882581014885
156 156 0.5610208981213711
157 157 3.275090956133189
158 158 -1.0704880667492374
159 159 -3.185864501682824
160 160 -3.697544105477141
161 161 3.4368971131190165
162 162 1.642460813858623
163 163 3.307931113459849
164 164 -0.7239345606093499
165 165 2.044743478374789
166 166 2.551976213985361
167 167 -0.060276927347636
168 168 -3.286101964715818
169 169 0.8939252766733325
170 170 1.8089218003396803
171 171 1.37778648425102
172 172 -1.9975099487092267
173 173 0.17647176906571
174 174 -3.220920060590913
175 175 -2.5239798000023117
176 176 -3.4340868703876533
177 177 1.1455625835629784
178 178 2.0297640735298925
179 179 -3.480246834187789
180 180 0.8372912449162859
181 181 -1.7391834236921309
182 182 -3.568426963106516
183 183 -3.23089214315422
184 184 -0.0338332625229513
185 185 -2.6467083276911296
186 186 -0.4693752232026895
187 187 -3.098633987772061
188 188 0.9601013228605292
189 189 2.3990343412251125
190 190 -0.6239491069695875
191 191 -0.0570327180894993
192 192 -3.896192672580045
193 193 -0.6655360789774978
194 194 -2.975237481614169
195 195 -0.7831800372192266
196 196 -1.4525622887455798
197 197 1.2087467354448789
198 198 -0.4169692574785877
199 199 -2.224570031960951
200 200 -1.1128417792749978
201 201 -3.8480274957449865
202 202 2.940364977679476
203 203 3.3818681485386577
204 204 -3.986109707129232
205 205 -0.346120994512324
206 206 -1.0889677993535738
207 207 1.2446391431127868
208 208 -2.571804320152597
209 209 -1.82077453488714
210 210 1.033005588290326
211 211 -2.8084940244176018
212 212 1.851157666301348
213 213 -0.798861954604507
214 214 1.679940833859744
215 215 -1.8260084702906685
216 216 -2.3028082825319167
1 5 0.806378774332206
1 6 0.1087511622049217
1 7 0.1419454282008743
1 8 0.4321677277313049
1 13 0.4093533372610622
1 14 -0.8060991666792992
1 15 -0.8419849808543054
1 16 -0.0154308555144027
2 1 -0.7318250630823719
2 5 -0.7332362951341795
2 6 -0.2327734454540961
2 7 -0.2474856609114781
2 8 -0.7073111982119769
2 13 0.3712164652384475
2 14 0.3786448786237546
2 15 -0.8129794195673523
2 16 -0.045478201896389
3 5 -0.4051161109294627
3 6 0.0373656044719727
3 7 -0.4865623131484364
3 8 0.8545696015195681
4 3 0.902024976229651
4 5 -0.4139339781490787
4 6 -0.8935018185443928
4 7 0.2581136931095416
4 8 0.0785302315444864
5 6 0.34302099907412
5 29 -0.1984255415389284
6 30 -0.7455716285226144
7 8 0.7840536433192296
7 31 0.4424349998360231
8 32 -0.2946093504092
9 5 -0.7087173635883113
9 6 0.5633836234231848
9 13 0.3207546030333352
9 14 -0.2602589668404853
9 15 0.0616197254677899
9 16 -0.5953233945421748
9 21 0.6100773866915308
9 22 -0.9190483910875578
9 23 -0.6686691953850177
9 24 0.9121262621900528
9 79 -0.5585351424763212
9 80 -0.8372320628055108
10 5 0.0569482632603326
10 6 0.2162240519043914
10 9 0.5591712877137023
10 13 -0.8307023375451585
10 14 0.9048191436948896
10 15 0.8987167861998193
10 16 -0.5128569996092169
10 21 0.8238130617235004
10 22 -0.3749220643214237
10 23 0.5427533952454946
10 24 -0.8430136396462866
10 79 0.017066507051703
10 80 -0.2424607690629614
11 5 0.4686070632432484
11 6 -0.544812804338153
11 13 -0.1026425311745415
11 14 -0.714855312548935
11 15 -0.8726675602945229
11 16 -0.216860467940362
11 79 -0.918201213781564
11 80 0.2301042953062959
12 5 0.9865277821766374
12 6 0.6681133168597952
12 11 0.4605815482982842
12 13 -0.8457525984137864
12 14 -0.6467028898037226
12 15 0.3835791688018641
12 16 0.9875171603067124
12 79 -0.7554393788197491
12 80 -0.2854477460018174
13 14 -0.0842382015141054
13 37 -0.6166802982926742
14 38 0.4155556157132931
15 16 -0.8202194222117645
15 39 -0.9294613391786796
16 40 -0.3052024833248916
17 13 0.7204502585162458
17 14 0.385421618503371
17 21 -0.9948203531058588
17 22 0.1778649928047269
17 23 0.1393375872031932
17 24 0.3083751158181653
17 87 0.7841309361619029
17 88 -0.1408893220703442
18 13 0.8963258864688926
18 14 -0.8387224594026386
18 17 -0.6530549969096606
18 21 0.5921664243227696
18 22 -0.8258816568721015
18 23 0.4328608627436625
18 24 -0.9217169140626396
18 87 0.5929590143031762
18 88 0.894957937639353
19 13 -0.1250704587728399
19 14 0.9873091411186128
19 21 0.9687756429062512
19 22 0.0858873087759726
19 23 0.2848946478475034
19 24 0.4138846196605732
19 77 -0.7479513238871143
19 78 0.7685288205845382
19 79 0.410264799923201
19 80 -0.3376249448678672
19 87 -0.5177425714659538
19 88 0.4417495211225355
20 13 -0.0799502530706917
20 14 -0.8207392296035345
20 19 -0.7957401605674841
20 21 -0.456852902771361
20 22 0.8940789856116893
20 23 -0.7105245634823372
20 24 -0.6982176191237361
20 77 0.6107882132432847
20 78 0.2552636584032266
20 79 0.9146088325678144
20 80 0.5112790655929746
20 87 -0.5054661860254337
20 88 0.1444637936363448
21 22 0.1488924067751362
21 45 0.6919492028951366
22 46 0.1734555412899288
23 24 0.9045136702623008
23 47 -0.512666188323879
24 48 -0.2675996383477499
25 23 0.4643516107521939
25 24 -0.5037268478619752
25 29 -0.3378153838838302
25 30 0.1415568636407804
25 31 0.6964565622144594
25 32 -0.4802895997807128
25 37 0.9153333605106616
25 38 0.1319791504056091
25 39 0.6806841813565532
25 40 0.3702978178979486
26 23 -0.4133900927921576
26 24 -0.987021962057355
26 25 -0.5268668728083272
26 29 -0.4747827281001644
26 30 0.9946643969937204
26 31 0.4402213227779779
26 32 0.3877198264969461
26 37 -0.2959435903584952
26 38 0.6505432922741112
26 39 -0.7336789107189261
26 40 -0.5180384235509989
27 13 0.1843249168913943
27 14 -0.6352738236072413
27 15 -0.5525542898986178
27 16 -0.5867279596083179
27 23 -0.6624744223073527
27 24 0.2862803636497486
27 29 0.1391301309105799
27 30 -0.0475536407660919
27 31 0.2990319067514342
27 32 -0.7511188888751268
28 13 0.3589762331787822
28 14 -0.6089586146863455
28 15 0.463971661457383
28 16 -0.6587818540004362
28 23 -0.2216732665427219
28 24 -0.3384806274162344
28 27 0.5810546945745068
28 29 -0.2054282782292047
28 30 -0.6162416244929327
28 31 -0.1355432948281549
28 32 -0.7859770054101869
29 30 -0.4197479397314863
29 53 0.2179481840058985
30 54 -0.9135450544280792
31 32 -0.8792516511813027
31 55 0.5684505833347211
32 56 0.550379087963351
33 29 -0.8265069161393106
33 30 -0.7453245590246469
33 37 0.2770075286661106
33 38 -0.802847625011708
33 39 0.8686246412798195
33 40 -0.5337512954641632
33 45 -0.9057967497023608
33 46 -0.836280449577222
33 47 0.354728839057201
33 48 -0.8069556483589557
33 103 -0.5764702290993828
33 104 0.095684881597752
34 29 0.5018237028088914
34 30 -0.5942215754903537
34 33 -0.6763983779934932
34 37 -0.7579140207838799
34 38 -0.9121807702532608
34 39 -0.6973964308775971
34 40 0.0128324732511364
34 45 0.5354608138837984
34 46 0.8008421548250577
34 47 0.3921101728930751
34 48 -0.5014105617277924
34 103 -0.5140223550845369
34 104 0.8666340499304646
35 21 -0.0683820233864043
35 22 0.4483051190580009
35 23 -0.6215697190861582
35 24 0.7222658120574343
35 29 0.005794467057705
35 30 -0.2147065462524833
35 37 -0.22346194432368
35 38 0.4328754348867627
35 39 0.6657389888264593
35 40 0.7612472126184888
35 103 0.7805208014008584
35 104 -0.1971006090767186
36 21 0.5240835864858522
36 22 -0.8797304325769975
36 23 -0.688186102896724
36 24 0.6287812173265606
36 29 -0.4083451268304974
36 30 -0.3539298696346751
36 35 0.3674642369609155
36 37 0.8800012794772918
36 38 0.1797443794065547
36 39 -0.9729380535599748
36 40 -0.9069599979371392
36 103 0.5822282027274281
36 104 0.5915047861091269
37 38 0.2949664067576156
37 61 -0.716101906851516
38 62 0.5145927994601942
39 40 0.8185639598928072
39 63 -0.3352027342193941
40 64 0.559919261094918
41 37 -0.6675172967520606
41 38 -0.7580138229941658
41 45 0.1543137164322019
41 46 0.2727846226981394
41 47 0.1859888363000323
41 48 -0.8409560070880056
41 111 -0.3566416163327637
41 112 -0.6073210040267083
42 37 0.4918807836446068
42 38 -0.9523806958178718
42 41 0.2662092692280797
42 45 0.7370514287185661
42 46 -0.3108072909352675
42 47 -0.5652558487385424
42 48 0.7037338935416326
42 111 -0.8469783712596153
42 112 -0.0909812771636431
43 37 -0.1683452865928174
43 38 0.5782745076530422
43 45 -0.3101458496380282
43 46 0.0194966697624874
43 47 0.951221064598876
43 48 0.0934749773832257
43 101 0.4945760103725609
43 102 0.0358030097847847
43 103 0.6719839442071425
43 104 -0.2889594101896482
43 111 -0.1837987273703469
43 112 0.0198208938833042
44 37 0.459864213606304
44 38 0.3293351782792422
44 43 -0.577109136184834
44 45 -0.1825304011503146
44 46 0.2222689271901106
44 47 0.0418917481337073
44 48 -0.8162159283316468
44 101 -0.900085771410656
44 102 -0.3615010616762184
44 103 0.0195060570175416
44 104 -0.5900252544048221
44 111 0.5233893985915123
44 112 0.7756280387861336
45 46 -0.1362237053004806
45 69 0.9615713113163
46 70 -0.7681056178733272
47 48 0.314737303613805
47 71 -0.0574607305252776
48 72 -0.9119873179462024
49 47 0.0454523254291654
49 48 -0.4335169491877668
49 53 -0.2038915910010992
49 54 -0.6174089989628568
49 55 0.1476361153434811
49 56 0.3940244999676794
49 61 -0.2663820664284366
49 62 -0.6820146581749542
49 63 -0.6191579445003574
49 64 -0.9312807715374378
50 47 0.7878899432332556
50 48 -0.6898588612682774
50 49 -0.8831751931902203
50 53 -0.649360603066441
50 54 0.5379860854919587
50 55 0.8281514331989466
50 56 0.4582863002297956
50 61 -0.9606514637868466
50 62 0.2806378052489937
50 63 0.5879485440441616
50 64 0.8548185189205364
51 37 0.6542893101572349
51 38 0.4418231869959466
51 39 -0.6757097922826687
51 40 0.0750500277916907
51 47 -0.2653755894933329
51 48 -0.8367174416403664
51 53 -0.5959801644606675
51 54 0.0154775504421476
51 55 0.8637963407885376
51 56 -0.3970230961058751
52 37 0.1671424598223818
52 38 0.1916724542051346
52 39 -0.5328139602425837
52 40 0.0861275152194256
52 47 -0.6312946947961118
52 48 -0.3192868895044218
52 51 0.8054364469373851
52 53 -0.4732129008254575
52 54 0.3354996965115264
52 55 -0.0118939510278393
52 56 0.3767210455883585
53 54 -0.2726808146381152
55 56 -0.5405496543075405
57 53 0.6469905756829599
57 54 0.6349125256883608
57 61 -0.3380987972245783
57 62 0.8169360344059866
57 63 -0.831616524432887
57 64 0.7196822871788513
57 69 -0.6134084299447715
57 70 -0.4681734096438856
57 71 -0.99782987003472
57 72 -0.07627714888003
57 127 -0.0657082890398532
57 128 0.7062189928825493
58 53 0.7098905993323468
58 54 0.5200471429117199
58 57 0.9993952097068046
58 61 -0.5128067842887829
58 62 -0.7940582960098406
58 63 0.1158973413127448
58 64 -0.291796734539383
58 69 -0.4606952891783102
58 70 0.3381354661970093
58 71 -0.5904973223759873
58 72 0.413509739714472
58 127 0.9528222046351148
58 128 -0.3173087651048321
59 45 -0.2707300680683684
59 46 0.6109064402726059
59 47 -0.0324868383542835
59 48 0.9953248375949332
59 53 -0.3650835831468904
59 54 0.4554884850230773
59 61 -0.7915255061858626
59 62 -0.0290026881047809
59 63 0.4600213181603256
59 64 -0.2784734811263003
59 127 0.0798651726097972
59 128 -0.5927866862959283
60 45 -0.7939296837723901
60 46 0.696391048580774
60 47 -0.0008310899779464
60 48 -0.0123135270349565
60 53 -0.7390245089676175
60 54 0.5211134026709177
60 59 -0.2824407250227974
60 61 -0.1135621976649181
60 62 0.4256776014507348
60 63 -0.7849058638057589
60 64 -0.4138400422494175
60 127 0.7855115293459765
60 128 0.2430227252365837
61 62 0.4843737334013871
63 64 -0.7056061814781731
65 61 0.8234680256081104
65 62 0.229137644915734
65 69 0.4999787723230162
65 70 -0.7346118685875236
65 71 0.4995122934754215
65 72 0.0467095764177472
65 135 -0.0687266859602107
65 136 -0.0351213470518223
66 61 -0.7993609252460825
66 62 0.1679475951200388
66 65 0.0540511600815902
66 69 0.1742790279084711
66 70 0.260683132154297
66 71 0.1174478903152829
66 72 0.8950564376799683
66 135 0.99772539032575
66 136 0.0224012588119122
67 61 -0.7582785608189373
67 62 -0.6346586629678694
67 69 -0.3473921639331716
67 70 -0.3684365986303757
67 71 0.3309636698146658
67 72 0.216068160849387
67 125 0.1966232594989145
67 126 0.8709705856882521
67 127 -0.3768348144120732
67 128 -0.1331857596975836
67 135 0.6509264800769006
67 136 -0.7597314197916056
68 61 -0.1361903077173123
68 62 -0.6504079246975514
68 67 -0.0017112645771235
68 69 -0.646303631949106
68 70 0.0638446997421395
68 71 0.8655183201327108
68 72 0.3143801808246809
68 125 0.2938049994970633
68 126 -0.1855307052758026
68 127 -0.5792865144344808
68 128 0.8619238558988123
68 135 -0.8330209488991451
68 136 -0.3011288647986423
69 70 0.1857173342859961
71 72 0.6799610888114183
73 1 -0.7166592928882496
73 77 0.8726372869170655
73 78 -0.4382535595469798
73 79 0.912344351011291
73 80 -0.3260484798516838
73 85 0.4401796283527805
73 86 0.5502250122038836
73 87 0.1326499453287932
73 88 0.4314357442254859
74 2 0.9742634841905662
74 73 -0.6270064594616769
74 77 0.9343209818984156
74 78 -0.2411364719475324
74 79 -0.4413128501182968
74 80 0.436713490431964
74 85 -0.8082044137099313
74 86 0.5382188566762331
74 87 0.4058209720113281
74 88 0.3603805002065117
75 3 0.546254892138581
75 77 0.5400544341145528
75 78 -0.1011256506742395
75 79 -0.724536730344407
75 80 -0.7543051017055729
76 4 -0.3273659907995203
76 75 -0.6046418555140363
76 77 0.4575826230608333
76 78 0.5051908846350432
76 79 -0.2626640480776663
76 80 0.1997481129425722
77 78 -0.1246349829313862
77 101 -0.8981615087216497
78 102 -0.4177122291583892
79 80 -0.5259811630219353
79 103 -0.4818732863361992
80 104 0.442110486878791
81 9 -0.4865595186638518
81 77 -0.9613933665944224
81 78 0.4906355922641232
81 85 0.3912427621122734
81 86 0.8850671719673098
81 87 0.0110129590305949
81 88 0.0661737641876616
81 93 0.697605463297617
81 94 0.9849799509186434
81 95 -0.5111751779768148
81 96 0.7170505783709238
81 151 -0.9619405040920972
81 152 0.457999945210376
82 10 -0.8354514143323901
82 77 -0.7057785598757009
82 78 0.7815721091572945
82 81 -0.2976669745734903
82 85 -0.4116605288494683
82 86 -0.9117320139457068
82 87 0.1278838037658931
82 88 -0.9436947959280716
82 93 0.3515161912516218
82 94 -0.2079284205479814
82 95 0.7906219802571854
82 96 0.4249042339596205
82 151 0.607722115641917
82 152 -0.7278793221989113
83 11 0.0964144907480299
83 77 -0.2330593560280236
83 78 -0.5218057221944374
83 85 0.9060712802741772
83 86 0.8448798879120001
83 87 0.7817110158433671
83 88 -0.2116888743406271
83 151 -0.3880907097112189
83 152 -0.0609869772752835
84 12 0.0277763301703157
84 77 -0.405031018756842
84 78 -0.4830751887524935
84 83 -0.0900499287629881
84 85 -0.3373853180025208
84 86 -0.0307941220520586
84 87 -0.081565853204901
84 88 0.6248759112617983
84 151 0.838402596918636
84 152 -0.0179685383543801
85 86 -0.3548625018492952
85 109 -0.7516211333248499
86 110 -0.3343513949166896
87 88 -0.3008338472748699
87 111 -0.2942341140439468
88 112 0.9431388575747146
89 17 -0.6468723979791176
89 85 0.3304391456247875
89 86 0.1849736679402562
89 93 -0.5019739223628139
89 94 0.6486548080578367
89 95 -0.6805750506829669
89 96 -0.7571691921228358
89 159 -0.5296170195996557
89 160 -0.3177170942627163
90 18 -0.4011896408081838
90 85 -0.8414403674743225
90 86 -0.873242954064456
90 89 0.9995943015010208
90 93 -0.7924633502568672
90 94 -0.4503694768530926
90 95 -0.6612386370183458
90 96 0.6493374709453021
90 159 0.0104479532039674
90 160 -0.2317810552318542
91 19 -0.2201181530979303
91 85 -0.8536220501420286
91 86 0.0878670446819447
91 93 -0.4905257645853447
91 94 -0.8609611862344515
91 95 -0.8479798628878616
91 96 0.1934851785148528
91 149 0.2555655153482257
91 150 0.0191620544378678
91 151 -0.0426348131808789
91 152 -0.0150542892058007
91 159 -0.4285017037210219
91 160 0.1622828661382891
92 20 0.4821432560426555
92 85 0.0855254413184358
92 86 -0.6913906105777721
92 91 -0.909521684955757
92 93 0.722801972378359
92 94 -0.2537469597916573
92 95 0.29974267940391
92 96 -0.480928078155292
92 149 0.0896411851048963
92 150 -0.3346928301879217
92 151 0.7447868332796914
92 152 -0.7816461830138135
92 159 0.4388707294479452
92 160 -0.1155732270908833
93 94 0.5663975838775805
93 117 -0.8003623064664662
94 118 -0.4260192015452018
95 96 -0.439539834009665
95 119 0.5352163378193562
96 120 0.7826795361036971
97 25 0.5682361296441139
97 95 -0.0305211559626081
97 96 0.6332158458826473
97 101 0.5912359905799922
97 102 -0.1398353260276763
97 103 -0.9327990078681672
97 104 -0.4676924456534328
97 109 0.7073688327903487
97 110 0.2444186248300974
97 111 0.3910539840898344
97 112 0.6198916797156975
98 26 -0.4581032991348002
98 95 0.1088604937213011
98 96 0.8202724751442914
98 97 -0.2508670588333062
98 101 -0.7710403564829826
98 102 0.1188894212111886
98 103 -0.7796994492060778
98 104 0.6561499146733907
98 109 0.3196478036810073
98 110 0.789644842681321
98 111 0.0035288369576227
98 112 -0.9789348687113812
99 27 0.2050652567132715
99 85 -0.1539580941507219
99 86 0.3137400061553246
99 87 0.9293343840134494
99 88 -0.4264882587797209
99 95 0.168151585661499
99 96 0.7929935242071486
99 101 0.6231314396053331
99 102 0.080610489250672
99 103 0.8607533410242652
99 104 -0.667220128312096
100 28 0.1950940028369838
100 85 0.4399609077184054
100 86 -0.7339529977260466
100 87 0.9823710381426656
100 88 0.9826329500835947
100 95 0.0387107631139667
100 96 0.6091865576773501
100 99 -0.8711495976624846
100 101 -0.1772998561761787
100 102 -0.3748469114246973
100 103 0.7330623077782656
100 104 -0.2109722283103294
101 102 0.9245796638595074
101 125 -0.6924064370449792
102 126 0.5216160082702843
103 104 -0.3080707298689107
103 127 -0.3082486434094409
104 128 -0.998739689347681
105 33 0.9331242333829408
105 101 -0.7889284179352709
105 102 0.9143283807283012
105 109 0.8322738033030708
105 110 -0.4798456017702235
105 111 0.244013220517151
105 112 -0.8713316269026032
105 117 -0.5325335817798436
105 118 -0.9499073485446194
105 119 -0.3088496782998984
105 120 0.5982018998302685
105 175 0.6283381835012809
105 176 -0.8361954562284881
106 34 -0.9908946934722396
106 101 0.1324688165891296
106 102 0.3301537932141531
106 105 0.8964091731274995
106 109 -0.9233069694749854
106 110 0.9373222771209856
106 111 -0.1004588008391416
106 112 0.3063110553007997
106 117 0.05365892638914
106 118 -0.2930157409082468
106 119 -0.1896533271912637
106 120 0.3106416372825991
106 175 -0.4812928171617774
106 176 -0.1771311250788489
107 35 -0.944951928315478
107 93 -0.362120786514652
107 94 0.9062721274494836
107 95 0.5199929832675902
107 96 0.1922303295186218
107 101 -0.8894017074650755
107 102 -0.6293154486688353
107 109 0.7123693425326167
107 110 -0.8750545587909098
107 111 0.598276652091376
107 112 -0.1826974471624618
107 175 -0.8548845367730304
107 176 -0.3049899295443123
108 36 0.8011285231434251
108 93 0.7947231186982799
108 94 0.7401440186229222
108 95 -0.7195297803397265
108 96 -0.1758185844548638
108 101 0.8612158301306974
108 102 -0.3354668453073195
108 107 -0.2255862523981724
108 109 0.4293159274151246
108 110 0.8764010831832636
108 111 -0.8560671524875245
108 112 -0.1343856324955716
108 175 0.5315418417946818
108 176 -0.0529017734220067
109 110 0.7629202586296651
109 133 0.5416841072192196
110 134 -0.9022064992087048
111 112 0.9611126103453428
111 135 -0.8207479211545763
112 136 0.6574963044240585
113 41 -0.8620628020152468
113 109 -0.4383473337663945
113 110 0.5333110111598813
113 117 -0.682955335498874
113 118 -0.964702303611523
113 119 -0.8865197585318849
113 120 0.3281171341162421
113 183 -0.0544482679406215
113 184 0.42993992150161
114 42 0.2159688090487306
114 109 0.1318853929997976
114 110 -0.558976652138701
114 113 -0.5509643476119639
114 117 -0.6889535176594308
114 118 -0.973828982848406
114 119 -0.4314175324557259
114 120 0.2051098567459479
114 183 -0.0126183907019705
114 184 -0.8477765780900295
115 43 0.9871500663549008
115 109 -0.6842012443510816
115 110 0.6575216933335446
115 117 -0.1317329246135798
115 118 -0.090923223183585
115 119 0.651549250948819
115 120 -0.5860425318677467
115 173 -0.886063732913577
115 174 0.2316243206318016
115 175 0.5813142941186691
115 176 -0.6287374175248741
115 183 -0.4718307585083638
115 184 0.1097263651789817
116 44 0.5712026526532288
116 109 0.550320704004934
116 110 0.1130894735292147
116 115 0.5745080228847614
116 117 0.9451059791857346
116 118 0.9202328667629568
116 119 -0.6873533408386308
116 120 0.0974618387516861
116 173 0.9915710004190664
116 174 -0.6816891251776678
116 175 0.7001474173977391
116 176 -0.3547574527897654
116 183 -0.8071837182919162
116 184 -0.2324661770461331
117 118 0.2271343441467956
117 141 -0.0629577358273092
118 142 0.1349842845202915
119 120 -0.0155675525150329
119 143 -0.677085726167971
120 144 -0.919261730791812
121 49 0.2265950372312817
121 119 -0.1396938829167016
121 120 -0.0214820742944605
121 125 -0.6685723280074332
121 126 0.524502888853803
121 127 0.1361792725608903
121 128 0.2186948449174592
121 133 -0.1431983153459803
121 134 -0.8498544121582463
121 135 -0.4866392638099281
121 136 0.8849298632880516
122 50 -0.8083348732412035
122 119 0.3986138043329095
122 120 -0.0601425617996609
122 121 0.618699321325505
122 125 -0.3500032099686392
122 126 0.5477928542605037
122 127 -0.6961557183614993
122 128 0.6601635606638834
122 133 0.3829047200521192
122 134 -0.3540615030775971
122 135 -0.1061163939874763
122 136 0.4086629374141031
123 51 0.5006668289368938
123 109 0.886258812537456
123 110 0.658545920867605
123 111 0.0478358648121495
123 112 -0.8184380074802824
123 119 0.3683747728150144
123 120 0.4717623934437245
123 125 0.8243305826092056
123 126 -0.2755540774478693
123 127 0.7934954694310137
123 128 0.8690592032023929
124 52 0.3825964609458911
124 109 0.6761906282997345
124 110 -0.2899901334150458
124 111 -0.152350352027955
124 112 0.8335551804505663
124 119 0.8163816404785926
124 120 0.0578750603578106
124 123 0.608458847347318
124 125 0.0621244883191531
124 126 0.4655114892196623
124 127 -0.9057748329610646
124 128 0.8365970461531056
125 126 -0.2955326988922411
127 128 -0.7047278899140623
129 57 -0.2232965888528304
129 125 0.8291313456238241
129 126 -0.4603289927571017
129 133 0.6554223357984046
129 134 -0.6601112968735621
129 135 0.3407985907537783
129 136 -0.0740790786694154
129 141 -0.1243839651356406
129 142 0.2010419751914265
129 143 0.2176274015435606
129 144 -0.2576526991372743
129 199 -0.3200149090593636
129 200 0.56287831967395
130 58 -0.6802231151037528
130 125 -0.8710603253254261
130 126 -0.6451967226683442
130 129 -0.4940868453227782
130 133 -0.4735456919773027
130 134 -0.0662510338253696
130 135 0.2482607123507496
130 136 0.0335801647367772
130 141 0.8930647583728217
130 142 -0.6418117118951776
130 143 -0.5343097091259574
130 144 0.7779765293455121
130 199 0.4381522464842473
130 200 -0.175240134945606
131 59 -0.9046268383437932
131 117 0.0668304528530865
131 118 -0.4842544966375255
131 119 -0.133469118872364
131 120 -0.603885495494086
131 125 0.9991395871600366
131 126 -0.334841379651617
131 133 0.9654894556021224
131 134 -0.4242747791982848
131 135 -0.0072136636474715
131 136 0.7873550972637853
131 199 0.3643787000009686
131 200 -0.0278476552414175
132 60 0.6354450513412779
132 117 -0.3856769980007428
132 118 0.3478306241307221
132 119 0.7025628880996271
132 120 -0.7089821533436482
132 125 0.009833462783285
132 126 -0.4043599119405019
132 131 -0.7480088370806837
132 133 0.8232648455900344
132 134 -0.0647339892742271
132 135 -0.140404426749962
132 136 0.042457633784277
132 199 -0.4421413596073822
132 200 0.054807364872583
133 134 -0.5543043653266331
135 136 0.0885797681809668
137 65 0.8530041417646788
137 133 -0.7937834765073863
137 134 -0.0496369254197932
137 141 -0.0476327149044071
137 142 0.151017983478843
137 143 0.3856628790990022
137 144 0.4254646744139112
137 207 0.5950934976701114
137 208 0.2163622062963679
138 66 0.2380291963560725
138 133 0.8939462801647582
138 134 0.030654416550212
138 137 0.6513890185283759
138 141 0.6769225735931703
138 142 -0.1698815921157959
138 143 0.6913553876638676
138 144 0.5233675521115364
138 207 -0.3537742201572849
138 208 -0.3112908337439541
139 67 -0.5309023348438644
139 133 -0.6714154158841421
139 134 0.9358429335182694
139 141 -0.9189107221721278
139 142 0.7700484066819968
139 143 -0.4313598675869146
139 144 -0.0170082579493004
139 197 0.1612161854488227
139 198 0.6055580575578061
139 199 0.3994381496657473
139 200 0.5872171350707609
139 207 0.0080920913074959
139 208 -0.98736244130773
140 68 -0.8141382195465301
140 133 -0.0552912364563542
140 134 -0.5502123867385658
140 139 -0.0583762552159023
140 141 -0.202218177725213
140 142 -0.5947426682377472
140 143 0.4924633107724665
140 144 -0.6748270460416879
140 197 0.4154508327197606
140 198 0.8563821135754166
140 199 0.4481980242610952
140 200 -0.1127538722801813
140 207 -0.7391467435483969
140 208 0.10440887708161
141 142 0.9272422555565156
143 144 0.4880639135136337
145 73 -0.2462062173980459
145 149 -0.628460583488416
145 150 -0.5451885133733096
145 151 0.37273848963794
145 152 -0.1330009883508651
145 157 -0.4756349452964734
145 158 -0.1828023906945419
145 159 -0.2517638085404461
145 160 -0.662473333517694
146 74 -0.2742203168200672
146 145 -0.5173776085424748
146 149 0.0037603215786787
146 150 0.0283573195152448
146 151 -0.2189589973369683
146 152 -0.167926268039867
146 157 -0.967307190385881
146 158 -0.9573420311951896
146 159 0.5646501973123401
146 160 -0.97143325238636
147 75 0.9979386332273592
147 149 -0.5628515493785766
147 150 0.5422344717375762
147 151 -0.3214290813416445
147 152 0.1661725170714723
148 76 -0.9116070727560006
148 147 -0.3132233644948938
148 149 0.922083135077642
148 150 0.7882295683844998
148 151 -0.4786531293026268
148 152 0.3707763644822737
149 150 -0.3988310367318783
149 173 0.9921883777146254
150 174 0.1760188391665413
151 152 0.8629347604270958
151 175 -0.70384371975618
152 176 0.5786116822588203
153 81 0.4372457206619611
153 149 -0.9409921878510028
153 150 0.7140365395365977
153 157 -0.6297250937336099
153 158 -0.6355170581847038
153 159 -0.4086244762672455
153 160 0.9500595722419872
153 165 -0.5474308902871083
153 166 0.2846173152668019
153 167 -0.1780800494424115
153 168 0.2548644682234271
154 82 -0.5699456482320333
154 149 -0.0315369189883358
154 150 -0.6532963140472683
154 153 -0.6909895918898987
154 157 -0.6578753900179464
154 158 0.659671844451482
154 159 0.8476021346545952
154 160 -0.153390174373776
154 165 0.7326860214998763
154 166 0.929457950247318
154 167 -0.7970177641075449
154 168 0.8388598091537653
155 83 -0.674209007052228
155 149 0.7519061754566754
155 150 0.0597078497701888
155 157 -0.1072076671264492
155 158 -0.7068406084165586
155 159 -0.1094524483183878
155 160 0.7621764891911487
156 84 0.307035579724181
156 149 0.0647709158601819
156 150 -0.5057455303724032
156 155 0.4561884350142997
156 157 0.4662556786775327
156 158 -0.7602604639960899
156 159 -0.4818312422074664
156 160 -0.2531709274046749
157 158 -0.2355329190565158
157 181 -0.0068402190805563
158 182 0.4154552106890914
159 160 -0.1643202377589001
159 183 0.5962477210607062
160 184 -0.7269112440469623
161 89 0.7768328463150267
161 157 0.1282086520889371
161 158 0.2315634087054723
161 165 -0.5709612633424848
161 166 0.1154252707216403
161 167 -0.5145586483732916
161 168 -0.8061472762662383
162 90 -0.0840764120589019
162 157 -0.476274084622533
162 158 0.5273642556868492
162 161 0.473013287597694
162 165 -0.2551580550914216
162 166 0.0111081149024492
162 167 0.1440766910222
162 168 -0.8736296150363871
163 91 -0.8529048810359543
163 157 -0.9617760717960716
163 158 -0.5635010307386283
163 165 0.278335978975452
163 166 0.8443679040955012
163 167 -0.8355694992898739
163 168 0.7830004438561999
164 92 -0.6894349741177352
164 157 -0.5602485788544767
164 158 0.3441475701237253
164 163 -0.6223952731010638
164 165 -0.8977246396171559
164 166 0.5652321280583232
164 167 -0.2257324275415368
164 168 0.0006861537046645
165 166 -0.1699208008508379
165 189 0.7424437971936797
166 190 0.0750057230981182
167 168 0.1825092837797586
167 191 0.3253029299952379
168 192 0.2283716457637474
169 97 0.5884939557090805
169 167 -0.0459254053733158
169 168 0.8613666997999254
169 173 -0.5751404630952781
169 174 -0.4606913405915676
169 175 -0.5878046141509994
169 176 -0.1298281263322018
169 181 0.7545947031322688
169 182 0.0125617934183011
169 183 -0.2695921109566668
169 184 -0.8992436004470377
170 98 0.3527354893808021
170 167 0.8081780699978198
170 168 0.8227236344682509
170 169 0.6917672672444832
170 173 0.6360734772479768
170 174 -0.9678605207762688
170 175 -0.3284601655769725
170 176 -0.6814420833192179
170 181 0.0684059648326484
170 182 0.7364130906644641
170 183 -0.6534112038850495
170 184 -0.193825308698134
171 99 0.1388357652337342
171 157 0.3309830408941365
171 158 0.2797997070452536
171 159 -0.0198904716970389
171 160 0.5067059668924878
171 167 -0.1948079303530339
171 168 0.7285337861914685
171 173 -0.0217518403421748
171 174 -0.8663942223525989
171 175 -0.3221146505161096
171 176 0.2891419018894474
172 100 -0.435884199505453
172 157 -0.0080712924142596
172 158 0.9925571459008442
172 159 0.2048583960719703
172 160 0.9957697953953232
172 167 0.0738926820567937
172 168 0.8218919487884704
172 171 0.3739389262774926
172 173 -0.93931777086681
172 174 -0.4099242530923821
172 175 0.9178450530608644
172 176 0.3931195593102106
173 174 -0.9312471759168048
173 197 0.7366964869506534
174 198 0.297439190793467
175 176 -0.6368638996143443
175 199 0.6146332394773937
176 200 0.1460332449180279
177 105 -0.2386326518835111
177 173 0.0963670042076163
177 174 -0.0279807276410224
177 181 -0.5279130097135478
177 182 0.4315649615714414
177 183 -0.9556315488343744
177 184 0.5779890742767502
177 189 0.4964369471040395
177 190 0.2008322578690751
177 191 0.4221836673068726
177 192 -0.6300629821997052
178 106 -0.5647369855716171
178 173 0.4958897509657245
178 174 0.8796026204797007
178 177 0.3066932250238214
178 181 -0.7133457255390963
178 182 0.4918641463722626
178 183 -0.3881527830032074
178 184 -0.95772324757933
178 189 0.9810330855549624
178 190 0.8908462051239456
178 191 0.2015581558054107
178 192 0.4281613086109372
179 107 0.7483289128892097
179 165 0.6616827186785721
179 166 0.7266021183837799
179 167 0.4989912044757103
179 168 0.2931772917500397
179 173 -0.9892387340353884
179 174 -0.7967928958911508
179 181 -0.0277185557097847
179 182 -0.8730054069678954
179 183 0.4136425341003793
179 184 -0.5086054084307345
180 108 -0.0536897905847209
180 165 0.398071046689235
180 166 0.7312557108661204
180 167 0.3676932594546471
180 168 -0.0070700902841622
180 173 0.0967973297792188
180 174 0.1667078008984537
180 179 -0.9924029653650406
180 181 0.6733387257919965
180 182 -0.7687768454449961
180 183 -0.3998749631344536
180 184 0.947914903823103
181 182 -0.3290562600397353
181 205 -0.5055659602322529
182 206 0.4752429994395524
183 184 -0.1483709996680093
183 207 -0.278157546183271
184 208 0.874376322563688
185 113 0.5093326327681569
185 181 -0.9365769037932374
185 182 -0.1924074850873474
185 189 -0.9567623135536684
185 190 0.2360948055359737
185 191 0.5439331385450652
185 192 -0.0021225097125594
186 114 -0.1325653781560689
186 181 0.481329165468372
186 182 -0.3127849816600063
186 185 -0.7534085595224722
186 189 -0.91573341044695
186 190 -0.7594106032836678
186 191 -0.1367938239167068
186 192 -0.2121213489291915
187 115 0.8440469441559348
187 181 0.2864353621038191
187 182 -0.7606666938923345
187 189 0.2820810339114332
187 190 0.509960135578118
187 191 -0.1396165494903722
187 192 -0.4936732367271392
188 116 -0.6257916942021666
188 181 0.8571574158735851
188 182 -0.8993896347756423
188 187 0.8598005517119427
188 189 -0.9719303834950872
188 190 -0.5789339727419305
188 191 0.8474767344003962
188 192 0.1923025007444878
189 190 0.7231068181338502
189 213 0.528367076016836
190 214 0.0971346087372653
191 192 -0.5800815545793072
191 215 -0.5703291583525105
192 216 -0.8247468400381792
193 121 0.3145428125057856
193 191 0.595926426479245
193 192 -0.1105966253307846
193 197 0.5780995508345017
193 198 -0.1415181263266971
193 199 -0.4138655758108316
193 200 -0.0017208453223771
193 205 0.8211889536989756
193 206 0.7037100705631152
193 207 -0.2119595082306837
193 208 0.2926635555045236
194 122 -0.8544430639119842
194 191 0.3133320638700227
194 192 -0.4328609954998847
194 193 -0.1378170726639207
194 197 0.223240099564675
194 198 0.1561042353944675
194 199 -0.7800117407867864
194 200 0.8074860864629556
194 205 0.4705323347545771
194 206 -0.8541820840932111
194 207 0.8777923086411579
194 208 0.9262150393581698
195 123 -0.4104828337851269
195 181 -0.2623328469596067
195 182 -0.8644124797531894
195 183 -0.2872299290786226
195 184 0.6345965899016806
195 191 0.8763855734514698
195 192 -0.3242380403813345
195 197 -0.4875823594459976
195 198 -0.7039679481012631
195 199 0.2332499637941856
195 200 0.3496056788549959
196 124 -0.2257877889427859
196 181 0.2116514801475606
196 182 0.8308402067020377
196 183 0.3901121118847479
196 184 0.0757440862473239
196 191 -0.6822074849660915
196 192 -0.5061216711789016
196 195 0.558367132359123
196 197 -0.3591204331996791
196 198 0.5895615498059104
196 199 0.5894158185458087
196 200 -0.1558631289294301
197 198 -0.5471519292971854
199 200 -0.2855255346670824
201 129 -0.4613549404550519
201 197 -0.4629116329145724
201 198 -0.0960209997695662
201 205 -0.0471232337334477
201 206 0.0116630817649325
201 207 -0.2989912325540858
201 208 -0.654561313647281
201 213 0.7557741950523542
201 214 -0.2402103006672717
201 215 0.000651182545664
201 216 0.9406301116516832
202 130 -0.2693923790157433
202 197 -0.4490688620607423
202 198 -0.8735787719435426
202 201 -0.7862751019206988
202 205 -0.1442124738158383
202 206 -0.5694358065840712
202 207 0.890089250512925
202 208 0.6550109934552717
202 213 0.9411081266270362
202 214 0.296605678666433
202 215 0.699861150409002
202 216 -0.6269314455500712
203 131 -0.9861930263927614
203 189 0.985337967698279
203 190 -0.8650764524444647
203 191 0.6793160006582837
203 192 -0.4114769917594041
203 197 -0.3510952121489634
203 198 0.6864082636304165
203 205 -0.9996284072751792
203 206 -0.2745308498305476
203 207 0.5847802811405081
203 208 0.2877440205033177
204 132 -0.813167671417113
204 189 -0.4523532115036202
204 190 -0.768474532134467
204 191 -0.8328063079591017
204 192 0.490619745560509
204 197 0.2639957199253626
204 198 0.2876634235674884
204 203 0.5109684625859714
204 205 0.9081936696263472
204 206 0.1024907603648115
204 207 -0.5101536380211331
204 208 -0.9586514244526516
205 206 -0.4090346555789383
207 208 -0.7146584718081197
209 137 0.9755752624758084
209 205 0.2907500496544035
209 206 -0.3409761142950456
209 213 0.2220788780594009
209 214 -0.292353439543098
209 215 -0.5671703624265683
209 216 -0.0215140410286274
210 138 -0.7096773978414144
210 205 0.5107598253477463
210 206 -0.9238322273171696
210 209 0.4384500546976846
210 213 0.2103188506739306
210 214 0.1249152237885429
210 215 -0.3816076654879252
210 216 0.5044686965073639
211 139 -0.9793208695913248
211 205 0.5657796647367241
211 206 -0.8845172656724039
211 213 -0.811172844939035
211 214 -0.8411307362051164
211 215 -0.4109663987930807
211 216 0.8483406700920779
212 140 -0.9192054360055576
212 205 -0.1911481524055611
212 206 -0.5577430197245876
212 211 0.3939107308775624
212 213 -0.87606304566887
212 214 -0.9689767620707684
212 215 -0.5351900069112137
212 216 -0.528642725429096
213 214 0.5087853246751142
215 216 -0.5394548429519062
