# 
1 1 2.7196667700915613
2 2 3.705562946012901
3 3 -0.6677644718337774
4 4 -1.152975054051482
5 5 3.687113697454242
6 6 -2.093857657037092
7 7 1.6972010562260484
8 8 -3.6162294456864
9 9 -0.0432401576209153
10 10 1.3195793308189403
11 11 2.422665342868932
12 12 2.0293934064637105
13 13 2.5567310324517534
14 14 -2.310633959042746
15 15 2.0888369581601878
16 16 -0.5452955897436551
17 17 -1.3491474473198029
18 18 1.4619506489188965
19 19 2.414412844770154
20 20 -3.027339363298786
21 21 2.07252753550848
22 22 -3.4711296257866247
23 23 -2.0797286851378107
24 24 -3.949764216389676
25 25 -0.2282537523063901
26 26 -1.1777018825914665
27 27 0.8306198239564182
28 28 -0.1588445107818428
29 29 -1.5022419091531545
30 30 -1.074652034500736
31 31 1.3536114110235733
32 32 0.3537847915449834
33 33 -0.1443464685332065
34 34 -1.5716711906226362
35 35 0.2760771970459279
36 36 3.844282377382937
37 37 0.2090475716898598
38 38 1.0990303972293969
39 39 1.182718122505678
40 40 -3.673186020499732
41 41 2.156043438456388
42 42 0.4637831930644012
43 43 2.4001508742053472
44 44 -3.179938405075583
45 45 -0.9414972577787716
46 46 0.9627897115381056
47 47 -0.9510589787540892
48 48 -1.7163853894496928
49 49 2.6338284092648374
50 50 0.40249975431633
51 51 2.288238789899424
52 52 1.2580439602336373
53 53 3.990886887006214
54 54 -3.7227862294344094
55 55 -2.9313613045553444
56 56 -1.062740205179666
57 57 -3.173807305642799
58 58 -3.982817835680007
59 59 2.156209201848779
60 60 -3.9890896121773967
61 61 1.5662406577156007
62 62 3.277230190486005
63 63 2.363245573567119
64 64 0.3495072132606314
65 65 1.2548481491979926
66 66 2.927396228769827
67 67 1.6270195528189486
68 68 -1.566450071243512
69 69 1.7413190577802515
70 70 0.956409138764032
71 71 0.8340699333283252
72 72 -2.1931640236026686
73 73 -0.2124001339752457
74 74 -2.401396468460624
75 75 -1.0895642254763391
76 76 0.0081590636537765
77 77 -2.140356133026428
78 78 -0.7229095856883374
79 79 1.1301183304530031
80 80 -2.829674915587597
81 81 3.776124282603916
82 82 -1.2225407228458671
83 83 -3.433055192492004
84 84 2.076470745357934
85 85 1.5182653523030352
86 86 0.98128715761732
87 87 -3.2345714396682865
88 88 -2.410765120110652
89 89 3.1832324288953577
90 90 2.469977939629424
91 91 -2.527649703566341
92 92 2.816856833292711
93 93 -2.3929530324146318
94 94 3.4507071171349537
95 95 1.0463231348194464
96 96 -0.8722638133056337
97 97 -2.118279904350632
98 98 -1.6778685928336277
99 99 1.4011486437764678
100 100 2.8721700352266275
101 101 -1.2641757350357272
102 102 -1.4040891689546706
103 103 3.3653543849724654
104 104 -2.0807312698228104
105 105 0.2687228028005899
106 106 3.4941241143381507
107 107 -2.7755260517713145
108 108 -1.789103534646503
109 109 -1.495591520307438
110 110 0.8617039309268462
111 111 3.299608702958557
112 112 -1.2285731412772227
113 113 -1.005220897216044
114 114 -1.9628303384075825
115 115 -2.84616293597621
116 116 0.1593456639210639
117 117 -1.3363003625794017
118 118 -0.6475884556742333
119 119 1.969722618340338
120 120 -1.7824715725260702
121 121 0.3321047683274525
122 122 3.989660159083945
123 123 -1.8733727375546847
124 124 2.511298155381171
125 125 -3.798742021857847
126 126 3.161779521869552
127 127 -0.6769051173499774
128 128 -3.170989241463261
129 129 -1.4713644529673573
130 130 2.9329739655652576
131 131 2.074562975870752
132 132 -2.532680620089206
133 133 -2.8198220604198143
134 134 2.0250545259647987
135 135 3.193476428489066
136 136 -0.4323134210431387
137 137 -0.2301467568693089
138 138 -1.245644017532226
139 139 0.6398333024177258
140 140 3.43352580761062
141 141 2.3661707819614914
142 142 -0.3485938122646104
143 143 -2.4587614142075145
144 144 -0.3123237176532436
145 145 1.344712036857394
146 146 3.782855425852243
147 147 -3.3492072517452325
148 148 -0.4486782373268507
149 149 -3.070827523060461
150 150 1.9797548145152613
151 151 -3.468550244289702
152 152 0.2282202621937274
153 153 1.3352652151454514
154 154 -2.4880863924561822
155 155 -3.8954382764590343
156 156 1.570127495794205
157 157 2.6564484374664827
158 158 0.511363653228126
159 159 1.4597502937312
160 160 1.4980973129722033
161 161 -2.5840883408847226
162 162 0.418637935915334
163 163 -0.7488904473980469
164 164 -3.3568322343329173
165 165 2.737083709824966
166 166 0.7925197291596371
167 167 -0.3363174581132737
168 168 1.3929840305382912
169 169 0.474161691894408
170 170 1.662846838875776
171 171 -3.652255768240401
172 172 3.372100398083293
173 173 -0.5485645620720074
174 174 -2.201054934259692
175 175 1.959353205602108
176 176 -0.8301362188379109
177 177 -2.2080805978094125
178 178 3.876001168753543
179 179 -1.594335323247276
180 180 1.3536914947751049
181 181 -3.2795101118947088
182 182 -2.095113614915864
183 183 -3.7365888532365856
184 184 2.4808664597661423
185 185 1.7704385375399108
186 186 -0.8567545592706107
187 187 3.50914698866813
188 188 0.5271038353496706
189 189 1.4345710855352864
190 190 -2.886446564048023
191 191 -3.0585580666813907
192 192 1.2663485173309263
193 193 0.4158520769098199
194 194 -0.3926382445107226
195 195 3.4145248324340205
196 196 -2.3262939648414696
197 197 -2.5771017494920585
198 198 2.082237167577308
199 199 -3.548336350288798
200 200 -0.9004451283165977
201 201 -0.3875885813939259
202 202 -1.6311828353653164
203 203 3.814921340647909
204 204 3.5771112583457727
205 205 1.6623562415418602
206 206 -2.380607344331753
207 207 -3.473938046148186
208 208 1.4762166562858088
209 209 -1.4737992537115057
210 210 0.176299188132881
211 211 -2.993441762930776
212 212 -3.704517842588782
213 213 -0.36335539971844
214 214 1.1694298859364285
215 215 -0.7489069622910769
216 216 -0.3133637285540986
1 5 -0.9988270586015128
1 6 0.7066077618062081
1 7 0.9265838588451304
1 8 -0.5435432283194357
1 13 0.2909342044012986
1 14 0.448096047571026
1 15 0.6677199306530148
1 16 0.7909617908752558
2 1 -0.7868141030630496
2 5 -0.7321355562105565
2 6 -0.6231405543892452
2 7 -0.8498904428907481
2 8 0.7676601199725015
2 13 -0.7903070335151894
2 14 0.6294519603446243
2 15 0.1050226837308012
2 16 -0.496046809811173
3 5 -0.956407287564078
3 6 -0.6234656977845408
3 7 0.2987131653951462
3 8 -0.4337131014322657
4 3 0.1780093184563618
4 5 0.1982440106046232
4 6 -0.670596270106433
4 7 0.928780057962288
4 8 -0.8087836094471177
5 6 0.7657483521774433
5 29 0.5120255222434564
6 30 -0.09069598723046
7 8 0.8750199502480425
7 31 0.7259006030313693
8 32 0.9935187647786694
9 5 -0.1628700239502831
9 6 0.0635811152277106
9 13 0.345539402101374
9 14 -0.6906879294773629
9 15 -0.1677268636787923
9 16 0.8799772304160658
9 21 -0.7166232228795806
9 22 -0.107867457823459
9 23 0.495449895090549
9 24 0.2220400710883328
9 79 -0.8654238017774993
9 80 -0.8220221023618581
10 5 -0.988631737904381
10 6 -0.3549181891510389
10 9 -0.1815679720590854
10 13 -0.078473110932953
10 14 -0.6256543973418534
10 15 -0.5703739322649162
10 16 -0.6358587174851145
10 21 -0.5627330935297556
10 22 -0.7249083621797652
10 23 -0.8444574410471182
10 24 -0.853822302880042
10 79 -0.5440285136159302
10 80 -0.7024893848465004
11 5 -0.5547783708046785
11 6 -0.0551706314667881
11 13 -0.9684872307185464
11 14 -0.7825626563264239
11 15 0.9180303878118944
11 16 -0.9817231275965396
11 79 -0.9469883025340776
11 80 -0.2199184254980486
12 5 -0.5614121620647714
12 6 0.0353995591297009
12 11 0.98870007464545
12 13 0.9069818615852778
12 14 0.932475401385443
12 15 -0.8414746297712163
12 16 -0.5839871093852074
12 79 -0.292819445232704
12 80 -0.6405196887567732
13 14 0.8925646992963345
13 37 -0.5976407664380323
14 38 0.2682563862335805
15 16 0.8716362464274996
15 39 0.6035412213975175
16 40 -0.4352352684510416
17 13 -0.1007415475438777
17 14 -0.7003166982996272
17 21 -0.6513570892035254
17 22 -0.8204215915054556
17 23 -0.1320058938628976
17 24 0.5064020014101609
17 87 -0.9414203283344872
17 88 -0.7415605685578828
18 13 -0.3329116601944459
18 14 0.9244406896759942
18 17 0.8613980262648255
18 21 0.4232685253151624
18 22 0.0346838079603561
18 23 0.6205878721944045
18 24 -0.4936657678818701
18 87 0.1298033426048221
18 88 -0.949813999541461
19 13 0.4610969554353799
19 14 0.5875272662138431
19 21 0.3415309616872592
19 22 0.0326546411529213
19 23 0.0133214549985598
19 24 -0.814594673950626
19 77 -0.575257145145444
19 78 0.4297291582730389
19 79 -0.4567959246367989
19 80 -0.9967358475801288
19 87 -0.5478073122879088
19 88 0.7402189098977561
20 13 -0.9785115206446862
20 14 -0.4712709694761035
20 19 -0.8755794495872573
20 21 -0.956650577090965
20 22 -0.3108350903320009
20 23 -0.437196203172522
20 24 -0.5367543390119098
20 77 -0.9000990280134578
20 78 -0.1025474552898229
20 79 -0.3232782729405541
20 80 0.877556919031401
20 87 0.730985069558461
20 88 0.7564703463003253
21 22 0.6723235848938918
21 45 -0.6120919507297071
22 46 0.1781380992818977
23 24 0.9681207030538928
23 47 -0.9242043892346692
24 48 -0.9421379213555658
25 23 -0.8848566138043836
25 24 0.6970115230557998
25 29 0.3442439317168739
25 30 -0.6050383327170237
25 31 -0.4947151613179685
25 32 -0.7154749557256697
25 37 0.5575850321105986
25 38 0.1749037180912176
25 39 0.9910653489171746
25 40 -0.8471953253250917
26 23 -0.5928487894163859
26 24 0.3347819174205286
26 25 -0.8097739307972815
26 29 -0.2443092104143138
26 30 0.6759799821010986
26 31 -0.5399903009649165
26 32 0.969815578781877
26 37 -0.7175407953084016
26 38 -0.9695351144520796
26 39 0.0354690780474813
26 40 0.2512507355939104
27 13 0.7806168275762599
27 14 0.2250254868819716
27 15 0.986384222536234
27 16 -0.6054109319159486
27 23 0.9008159627944424
27 24 0.661391271631248
27 29 -0.9590358660373814
27 30 0.7338125489571179
27 31 -0.7405222618998739
27 32 0.577145776674538
28 13 -0.393534165983298
28 14 -0.1592211654384141
28 15 -0.0251045075552018
28 16 0.6840942984140785
28 23 0.1669470084679938
28 24 0.7200567255988504
28 27 0.1788973037885073
28 29 0.0126918343711934
28 30 -0.3470696612575545
28 31 0.059912997511087
28 32 0.4397818319103515
29 30 -0.5870760482671076
29 53 -0.5924550522249499
30 54 -0.0687028219739809
31 32 -0.90840815859331
31 55 0.9456872950935408
32 56 0.4503550997476058
33 29 0.414487063583997
33 30 0.4872834732861311
33 37 0.6331943668031386
33 38 -0.0223171992746902
33 39 0.420274612988458
33 40 -0.1444035882150072
33 45 0.4541901091321589
33 46 0.3864932258807321
33 47 -0.7505958664025043
33 48 -0.1880894114257139
33 103 -0.6515466346293781
33 104 -0.1694198505507791
34 29 -0.2032464626133179
34 30 0.6402083417344089
34 33 0.2114939449289585
34 37 0.4466972022684687
34 38 0.2624631176202137
34 39 0.02470607107167
34 40 0.0426788186097646
34 45 -0.5442979797812146
34 46 0.7033637311345935
34 47 -0.0873113213016334
34 48 -0.4865033323332881
34 103 0.196185390148764
34 104 0.5019918702307624
35 21 -0.1060041519138945
35 22 -0.3356751206016117
35 23 0.1196967999815572
35 24 -0.5011433411708524
35 29 -0.0189438264751353
35 30 -0.3760434255588658
35 37 -0.1810045980008494
35 38 -0.995501745845067
35 39 0.4826104565477735
35 40 -0.9502217743061248
35 103 0.4015937968175409
35 104 0.0633785649728335
36 21 -0.659922797785643
36 22 0.7751113427767762
36 23 0.2539876117913746
36 24 -0.8900698448777906
36 29 -0.9257443203767944
36 30 -0.7075027114944112
36 35 -0.2379603088368216
36 37 -0.9941470020189788
36 38 -0.5389998493785368
36 39 -0.9682744052277832
36 40 -0.7605916655586278
36 103 -0.3877682034726688
36 104 -0.8258995674063696
37 38 0.3787103773572737
37 61 -0.6792652989410994
38 62 0.6079523374608313
39 40 -0.9777081675818692
39 63 0.883301572274314
40 64 -0.9122547527315424
41 37 -0.4202101307254269
41 38 -0.2268215088674918
41 45 -0.9074075298328972
41 46 0.956660406354474
41 47 0.1006119883732665
41 48 0.8734000044344425
41 111 0.3321924064605968
41 112 0.5370049482501535
42 37 0.7901618479113239
42 38 0.4188866589641311
42 41 -0.5165191974869501
42 45 -0.1176323935661201
42 46 -0.1945466824125461
42 47 0.82475808573006
42 48 0.4905005114094705
42 111 -0.7098248785485526
42 112 0.83330876635197
43 37 -0.2296763146027036
43 38 0.006398415410278
43 45 0.2047870322008314
43 46 0.6493606367928375
43 47 -0.326067111262869
43 48 0.6927796410103779
43 101 -0.7419755602560438
43 102 0.1791539332373728
43 103 -0.3708220753494766
43 104 -0.7389846059467495
43 111 0.8941004071301513
43 112 0.0508724006672778
44 37 -0.569191133821425
44 38 0.3916550410833421
44 43 0.9711856377130654
44 45 0.296319260151235
44 46 -0.4896704689460067
44 47 0.9583894008298884
44 48 -0.3435119065540206
44 101 0.7053847473085901
44 102 0.567151391060555
44 103 0.6372208264506609
44 104 0.6348776235354276
44 111 0.455976795939859
44 112 0.3926299840320055
45 46 -0.058341632668154
45 69 0.1725885494782917
46 70 0.8687514914357182
47 48 -0.6509065063019372
47 71 -0.657179583759812
48 72 0.2014285732699758
49 47 0.4169725452634065
49 48 0.0526783060702702
49 53 -0.3332898274701725
49 54 0.8185030351952896
49 55 0.8826504452779691
49 56 0.1840555695808852
49 61 -0.3002397968148138
49 62 0.7169019071653255
49 63 -0.548431638399786
49 64 0.9734723284055198
50 47 0.700701803749296
50 48 -0.3332062569405385
50 49 -0.9697391942306764
50 53 -0.3560337157025659
50 54 -0.2839051121582452
50 55 -0.4549338623541583
50 56 -0.2106136162148331
50 61 -0.0960214096887792
50 62 0.4564591595858229
50 63 0.8720851768472095
50 64 0.777306981982796
51 37 -0.0777240860743764
51 38 -0.2703811395310391
51 39 0.3121425100798385
51 40 0.092090846908716
51 47 -0.1518174809193846
51 48 -0.4842662918504943
51 53 -0.5988324225077946
51 54 -0.1045725145988902
51 55 -0.3544794480951845
51 56 0.5861084656327564
52 37 -0.6935927501125685
52 38 0.7921378802529631
52 39 0.9985110333135272
52 40 -0.6003724078310304
52 47 0.3753903072952238
52 48 -0.7193076554311577
52 51 0.4038439047241167
52 53 0.2926327330075928
52 54 -0.5704832028810383
52 55 0.4946496919080709
52 56 -0.6110987041860565
53 54 -0.2171183834964687
55 56 0.7311974326326371
57 53 -0.038894086164136
57 54 -0.5055672660451016
57 61 0.7241670737006551
57 62 -0.6194939038458593
57 63 0.458283374538587
57 64 0.7232613028302617
57 69 0.1019572493260791
57 70 -0.1083438942527852
57 71 0.7613143182059652
57 72 -0.728577824020129
57 127 0.2164137455078321
57 128 -0.7978020163803183
58 53 0.0099097797672902
58 54 0.819791597300924
58 57 -0.2028941503470194
58 61 -0.94878977416974
58 62 -0.8702365467941173
58 63 -0.3635737002427364
58 64 0.5264751791733209
58 69 0.809672253688204
58 70 -0.5210704764374752
58 71 0.2505417920938428
58 72 -0.4852828465143235
58 127 -0.3517014162956746
58 128 0.5985296436000533
59 45 -0.2302978440669172
59 46 0.773649978549801
59 47 0.584715451356403
59 48 0.354830503478077
59 53 0.7968046791251031
59 54 -0.2517960224186264
59 61 -0.7776454137369753
59 62 0.7284191663504334
59 63 0.43002689769574
59 64 0.9733034509400976
59 127 0.8132387159640151
59 128 0.7133411579624118
60 45 -0.7074801835091802
60 46 0.1496685731446854
60 47 -0.5633209946649651
60 48 -0.4167997036393709
60 53 -0.0783358265751401
60 54 0.1206844926247208
60 59 -0.5973632701777225
60 61 -0.8849296773533482
60 62 -0.7531560921075251
60 63 -0.1251821918967286
60 64 0.2320886080551552
60 127 0.3234571083256576
60 128 -0.7503084775360618
61 62 -0.9341491896418768
63 64 0.8883009493040184
65 61 -0.3802581927705875
65 62 -0.7668909072357148
65 69 -0.297737824040851
65 70 -0.6918817542320674
65 71 0.3013756353757755
65 72 0.1449373364553505
65 135 0.4830946220083301
65 136 0.5190943351110917
66 61 0.2827341767813396
66 62 -0.9572994802051742
66 65 -0.2345035515690956
66 69 -0.2688656427780937
66 70 0.3089587540693488
66 71 0.739499264994673
66 72 0.4526992146846063
66 135 -0.634677409134444
66 136 -0.0255514622757997
67 61 0.1504250733068517
67 62 0.2602836121873084
67 69 -0.6623008400077135
67 70 -0.884744047041252
67 71 0.6056148962322245
67 72 -0.4291732137892172
67 125 0.0114129733242196
67 126 -0.5847004135253984
67 127 0.5774086406243255
67 128 -0.9682283817064974
67 135 -0.7266641895214989
67 136 0.8781605257374416
68 61 -0.4809753903904616
68 62 0.9755172922997984
68 67 -0.4438021911400143
68 69 0.3828838381513098
68 70 0.0547812050034204
68 71 0.8831034653210756
68 72 -0.1074289051350716
68 125 0.9140616675346956
68 126 0.9532691052816672
68 127 0.5420220680599557
68 128 -0.4659830968929004
68 135 0.7348543504971214
68 136 0.8938093067263382
69 70 -0.7991795065631042
71 72 -0.5551893260396283
73 1 0.8889775597524119
73 77 0.4683340819012573
73 78 -0.5326711487563591
73 79 -0.4302740933177951
73 80 0.5609159562829384
73 85 -0.352951346430346
73 86 0.1290687548759839
73 87 -0.8372824044593579
73 88 0.8720335666291499
74 2 -0.9932577403411736
74 73 0.8063056170526328
74 77 0.6895181704601627
74 78 0.890250012399858
74 79 0.8468819713842262
74 80 -0.141948201832879
74 85 -0.31884650540864
74 86 0.8670562606446266
74 87 0.1882101069846893
74 88 -0.5532243535361931
75 3 -0.4810684640952383
75 77 0.738040884158887
75 78 -0.3513242499936819
75 79 -0.8946916722640719
75 80 0.0976338223886923
76 4 0.0463661365955891
76 75 0.2286992935193108
76 77 -0.3825184334806937
76 78 0.9080706503644644
76 79 -0.0337416845962108
76 80 0.8013585457610162
77 78 -0.0579400123105051
77 101 -0.5873110259864931
78 102 -0.051632017245732
79 80 -0.9413084860875708
79 103 -0.4488784007315836
80 104 0.7882756583420474
81 9 0.8950990554360021
81 77 0.2225716768782348
81 78 0.92244154198547
81 85 0.4727419359906275
81 86 -0.3763861401577741
81 87 -0.2667017756741887
81 88 -0.9645019821930756
81 93 -0.0745308102852098
81 94 -0.4632812664482617
81 95 -0.8989572620847048
81 96 -0.6890613888877102
81 151 -0.48212875158785
81 152 0.8936086954894935
82 10 0.6621091343322345
82 77 0.2432772740063458
82 78 -0.4302490184740295
82 81 0.162962977622517
82 85 -0.3219604595989349
82 86 -0.0182396743315058
82 87 -0.7286129465084623
82 88 0.5848011465488183
82 93 0.6442172232808085
82 94 -0.1426225388387556
82 95 -0.5207210451875985
82 96 0.7767228817064873
82 151 -0.3948782268520303
82 152 0.5864878732091132
83 11 -0.5019940525332807
83 77 -0.9722241372779156
83 78 -0.0597284508011497
83 85 0.0035043100722504
83 86 0.9403683563072264
83 87 0.993682112103896
83 88 -0.7555723740552744
83 151 -0.7252402793885611
83 152 0.3471855988993044
84 12 -0.8153364860501457
84 77 -0.2209371874497492
84 78 0.768420358546229
84 83 -0.0567717489511301
84 85 -0.0414635406264087
84 86 -0.1845686707809031
84 87 0.5805046255363353
84 88 -0.5940274312815956
84 151 0.181347449802526
84 152 -0.4256888737025479
85 86 0.4465087462268167
85 109 -0.2391056000798508
86 110 -0.6878346673153315
87 88 -0.4990642304905712
87 111 0.6231280835494675
88 112 -0.8124156626089669
89 17 -0.5503607275914935
89 85 0.3910094299356641
89 86 0.4608600481791307
89 93 0.9831773601318206
89 94 0.4158305478233877
89 95 -0.3105158145314006
89 96 -0.8815968002847228
89 159 0.2384521637544774
89 160 0.4392183368940843
90 18 0.832118150433208
90 85 -0.3659444496358237
90 86 0.0216131034756883
90 89 0.4651915719700854
90 93 -0.0579874878206387
90 94 -0.0476058308616678
90 95 0.804916359130124
90 96 -0.3146318830172243
90 159 0.7663625033109267
90 160 0.136158244331344
91 19 0.8169462711396143
91 85 0.8362209650534382
91 86 0.2274556762034485
91 93 -0.4281125284320917
91 94 -0.9799639591054974
91 95 0.929980863568318
91 96 0.9534668073463548
91 149 0.9535792416893084
91 150 0.8396523316707236
91 151 0.143949931043096
91 152 -0.0435463625692467
91 159 -0.3698240426011314
91 160 0.5147660715303028
92 20 0.0927825552279242
92 85 -0.6437433567275734
92 86 -0.3439798177560325
92 91 0.8394379284655267
92 93 -0.5487891679540848
92 94 -0.8009001207127504
92 95 0.7616666904572447
92 96 -0.2719002839635431
92 149 0.1834479241713469
92 150 -0.8166247872499612
92 151 0.1558514430114421
92 152 -0.486266307707913
92 159 0.2668840937212189
92 160 0.7561962225230061
93 94 0.3335051646535734
93 117 -0.8227430075575357
94 118 -0.608581961470535
95 96 0.2247740695533104
95 119 -0.4532001765430389
96 120 0.188487550800628
97 25 0.0969674453467441
97 95 0.9689044878607632
97 96 0.5727972885602874
97 101 0.2560397848003426
97 102 0.360270344416399
97 103 -0.2571118735809039
97 104 -0.2001790043030218
97 109 0.5412600001345513
97 110 0.5330661142289266
97 111 0.8443658181364608
97 112 -0.8170364780929251
98 26 0.644950118458339
98 95 0.9346156581666688
98 96 0.662728979625397
98 97 -0.8546325206885605
98 101 0.2793625787737932
98 102 0.52817282316945
98 103 0.8743115698610262
98 104 -0.5358266848907143
98 109 0.2042163213770145
98 110 -0.5875935358859872
98 111 -0.3521834850223164
98 112 0.6709820734949883
99 27 0.8219649753864984
99 85 -0.6104635936170497
99 86 -0.8000827799709804
99 87 0.7786019931678081
99 88 0.0830318503128668
99 95 -0.7870925849418866
99 96 0.9406943231793335
99 101 -0.1349883767376976
99 102 -0.0485504071055276
99 103 -0.7329149381674398
99 104 -0.5893159143265452
100 28 -0.7484430287156301
100 85 -0.1295054990342403
100 86 0.6602560993568456
100 87 -0.197944656187486
100 88 -0.2944711757393519
100 95 0.7588891196546088
100 96 -0.7245362584199249
100 99 -0.9700963263446748
100 101 0.3226796033163246
100 102 0.3967947815593737
100 103 0.4993865921927396
100 104 0.9335062471984596
101 102 -0.4330295517279789
101 125 -0.9161994889273206
102 126 -0.0187818749831059
103 104 -0.9455752909402142
103 127 -0.5749420801002061
104 128 -0.9946203854434672
105 33 -0.9484986391577565
105 101 0.9011183200281934
105 102 0.2173373972473269
105 109 -0.7194606929244647
105 110 0.068289295174676
105 111 0.8017248555195511
105 112 0.0703053130143471
105 117 0.5132430611863088
105 118 0.906246106537663
105 119 0.199932187117525
105 120 -0.6770194024891913
105 175 0.3381647126919906
105 176 -0.6008103439482775
106 34 -0.9029314263303057
106 101 -0.3431620793512153
106 102 -0.5834483587313697
106 105 -0.1943500506566973
106 109 -0.103468784913288
106 110 0.772877112456396
106 111 -0.6234998944040555
106 112 -0.3909210259919204
106 117 -0.7273114152788118
106 118 -0.5065648626255186
106 119 -0.0978938947042076
106 120 -0.1263138388111351
106 175 -0.7141693433413383
106 176 -0.7721959040857582
107 35 0.2859416399600005
107 93 0.6141719635945149
107 94 -0.1870114814391836
107 95 0.7446228734297717
107 96 0.9051689100284136
107 101 -0.8350050451512769
107 102 0.9530427105102872
107 109 -0.7658634112863059
107 110 0.5170555603971931
107 111 0.8813366113729997
107 112 0.8472468155597677
107 175 0.3678952070758234
107 176 0.8531428985230134
108 36 -0.0183672089057091
108 93 0.9699042595617842
108 94 -0.0404344333031838
108 95 0.2199592630253992
108 96 -0.8843052146176908
108 101 -0.5174837707335846
108 102 -0.2115278070041464
108 107 -0.223007543471206
108 109 0.8523857223569948
108 110 -0.7717080919970027
108 111 0.5031397931839174
108 112 0.6745636398124644
108 175 0.5946993153197095
108 176 0.2701556484199829
109 110 0.8470295615762891
109 133 0.7793497693216604
110 134 0.0918324482280739
111 112 0.437527479546788
111 135 0.0639979806539807
112 136 -0.534608772451524
113 41 0.7905515158015646
113 109 0.9647934545122614
113 110 0.2782566397635455
113 117 0.7521374969688974
113 118 -0.6539993896960001
113 119 0.8476335310737007
113 120 0.8739273398938177
113 183 -0.4906648501482589
113 184 0.7885535338894043
114 42 -0.1810546442652907
114 109 0.7071969831653293
114 110 0.0339767804298374
114 113 -0.1141833160859164
114 117 -0.5201090459278745
114 118 -0.5055859961755933
114 119 0.4610554215836866
114 120 0.1445337684826542
114 183 0.3860870084773204
114 184 0.1416756505586089
115 43 0.9116667248799708
115 109 0.9191620025468564
115 110 0.3416896353325118
115 117 0.8567809198916188
115 118 -0.0034254136453679
115 119 -0.33708639852903
115 120 -0.72870619024283
115 173 0.3157098542995005
115 174 0.649595121108554
115 175 0.2713188816001246
115 176 0.5701857300405588
115 183 -0.0063262853476357
115 184 0.5950971925943898
116 44 -0.48038322449319
116 109 -0.0906756326451827
116 110 0.7224583444762991
116 115 -0.2948611691699816
116 117 -0.955024216812654
116 118 -0.3894189029560091
116 119 0.8573861735633417
116 120 -0.4549579263633967
116 173 0.6189048260481709
116 174 0.4366673387266968
116 175 -0.3993852324132116
116 176 -0.4414911140718183
116 183 -0.0119967357932539
116 184 -0.6173120433485022
117 118 -0.085077920034231
117 141 -0.5329183994589766
118 142 0.7544279406228329
119 120 -0.6790982444582785
119 143 0.2548993489175852
120 144 -0.0888284495606215
121 49 0.9403614249341024
121 119 0.1209978364200483
121 120 -0.8188484658125879
121 125 0.2043646748313448
121 126 -0.7766074306387902
121 127 0.4408647057793877
121 128 -0.7688651595906653
121 133 0.3999901149815155
121 134 0.4129353787952157
121 135 0.8386018091078213
121 136 -0.2853743764370251
122 50 0.7304433970640716
122 119 0.6387815363854019
122 120 0.7428747227054819
122 121 0.1177638812433876
122 125 -0.1941369363463727
122 126 0.3820430799746821
122 127 -0.9111289197133132
122 128 0.081103681970005
122 133 -0.6369581883406652
122 134 0.7140459303818403
122 135 0.1239869342660004
122 136 0.3662237557597843
123 51 0.6986275171402194
123 109 -0.5940083912843919
123 110 0.6390207511468813
123 111 -0.9134319416861578
123 112 -0.2401461197244281
123 119 0.7078586433984129
123 120 -0.7197722267149504
123 125 -0.6878405827475704
123 126 0.4008974481909482
123 127 -0.857819597986047
123 128 0.6335459999136404
124 52 -0.0209299896315133
124 109 -0.2016179657098837
124 110 0.0320978093588917
124 111 0.5912504365130722
124 112 -0.0992954451953869
124 119 0.8830768413721162
124 120 -0.3386872645079544
124 123 0.460956390991617
124 125 0.705399278599081
124 126 -0.5576779405312429
124 127 -0.4494416314842351
124 128 -0.6391072164709031
125 126 -0.1432223619380741
127 128 0.609674452158711
129 57 -0.7641208550953842
129 125 -0.6495855703017015
129 126 -0.3129638069186347
129 133 0.2353060891179106
129 134 -0.8499012384784554
129 135 0.7758804384802653
129 136 0.1684884821095524
129 141 -0.5652708319959567
129 142 -0.9335854908148612
129 143 0.9565532396666748
129 144 -0.5885396592266923
129 199 0.0842047129589425
129 200 0.2575860253089657
130 58 0.9627833492511048
130 125 -0.5354286713628824
130 126 -0.9021585155677352
130 129 0.9473085244860344
130 133 0.1014126505394632
130 134 -0.6111255672938309
130 135 0.5192572340668764
130 136 0.8381964650330804
130 141 0.6488758138167716
130 142 -0.9658854841738592
130 143 0.3111484948811045
130 144 0.4402640394296317
130 199 0.2898702448008425
130 200 -0.9609652574159836
131 59 -0.4000000285145437
131 117 -0.0580151222081808
131 118 -0.7899664415023537
131 119 -0.8943887532349648
131 120 -0.0723997756888661
131 125 0.5406006496261717
131 126 0.3809454966245289
131 133 -0.3705469473035312
131 134 0.8976587613608211
131 135 -0.1239031904679173
131 136 -0.4047500865899933
131 199 -0.9076384178357776
131 200 0.0239297689777717
132 60 0.0895588366993125
132 117 -0.5039005746072649
132 118 0.6384007588834355
132 119 0.2686628094485175
132 120 -0.7827376200712317
132 125 -0.5857571533410362
132 126 -0.5259926611959591
132 131 -0.7498797423521475
132 133 0.0147152030389607
132 134 0.3204098643060689
132 135 0.3870501486964726
132 136 0.8781042593838992
132 199 -0.1320528546039749
132 200 -0.999595697776138
133 134 0.6488221483399037
135 136 -0.5655690915886102
137 65 -0.4820466027346244
137 133 -0.188401363494266
137 134 -0.960157857402085
137 141 0.2105478941272509
137 142 0.9046178493687124
137 143 -0.1666374912445023
137 144 -0.4917234021729952
137 207 0.912273683530678
137 208 -0.9225797321974558
138 66 -0.7179936257870314
138 133 -0.4722346890705435
138 134 -0.6469787753736223
138 137 0.8743423604082814
138 141 -0.938549745525414
138 142 -0.5254958751196848
138 143 -0.3014550378881877
138 144 0.0104163793641396
138 207 -0.7932402614609113
138 208 -0.1658018775286185
139 67 0.968722565047353
139 133 -0.8190096782909797
139 134 -0.6734130246789056
139 141 0.8164021494666429
139 142 -0.7049815996434119
139 143 0.0618332388116473
139 144 0.485742453563851
139 197 0.191930004419528
139 198 0.0782159861321056
139 199 -0.3466380462911809
139 200 -0.8836220035184383
139 207 -0.6704849266268793
139 208 0.0922247238531615
140 68 0.2994212381756074
140 133 0.4709528909314324
140 134 -0.5845820276346856
140 139 -0.2976186129882152
140 141 -0.9012132455198032
140 142 -0.3637755290860782
140 143 -0.7550338192309354
140 144 -0.5360581915769946
140 197 0.4842602845056909
140 198 0.5588750736787873
140 199 -0.9817889191124044
140 200 -0.8116905562620549
140 207 -0.5132559735629716
140 208 -0.4268065732923367
141 142 -0.8937780465943101
143 144 -0.1169511131366667
145 73 0.8934430705343956
145 149 0.4231051789860427
145 150 -0.5577123295861954
145 151 -0.1745093295431947
145 152 0.7784828221133022
145 157 -0.4507757603618072
145 158 0.0856975971146372
145 159 -0.0436867410835664
145 160 0.170055951111937
146 74 0.4488980708880934
146 145 0.6169187453682681
146 149 -0.4574967853568945
146 150 -0.2338625286798838
146 151 0.4091443624387538
146 152 -0.6721293142147091
146 157 -0.9689681285031436
146 158 0.5625800814182933
146 159 0.0488147077964598
146 160 0.6487989853430134
147 75 0.1122886111085281
147 149 0.82414158356092
147 150 -0.3468045375192603
147 151 0.9699826964681868
147 152 -0.1008028541192813
148 76 0.2446836426643066
148 147 0.9415319149450704
148 149 -0.3955743528523177
148 150 -0.4600207073780096
148 151 0.938706455937694
148 152 -0.4058191329753036
149 150 0.7815220665193119
149 173 -0.0571983629996539
150 174 0.1094444376059908
151 152 -0.384122877126861
151 175 -0.275921444658787
152 176 0.5305286956567572
153 81 0.2210980166072091
153 149 0.1822763203633373
153 150 0.268930788399597
153 157 -0.232231643444863
153 158 0.4931989107522458
153 159 -0.9927768143004584
153 160 -0.0628801264810874
153 165 0.8207544724474287
153 166 0.6225068659881208
153 167 0.7887500781773524
153 168 -0.5302387363232393
154 82 0.3611650031485567
154 149 -0.0174508144794993
154 150 -0.437583838528913
154 153 -0.5357320764138007
154 157 -0.2084175964612848
154 158 0.0897091127039404
154 159 -0.9129357930959664
154 160 0.9984419437058234
154 165 0.4171816529628134
154 166 0.7162298908371751
154 167 0.998374439463878
154 168 -0.6708682541655016
155 83 -0.8171307148641853
155 149 0.6065834534616623
155 150 -0.2172990259223211
155 157 -0.3334687614113973
155 158 -0.1301145053727648
155 159 -0.6908134961330956
155 160 -0.8934263716933322
156 84 0.6530624274348353
156 149 -0.5725840824233184
156 150 -0.9151796371996974
156 155 0.8834744931218779
156 157 -0.7397003692735771
156 158 -0.1734967001451532
156 159 0.3210201177665555
156 160 0.4201517197441551
157 158 0.2055572231857538
157 181 0.1193749961344716
158 182 0.9447665342745172
159 160 0.4234622660384037
159 183 0.0908971987677105
160 184 -0.2771823582262704
161 89 -0.2319533658644144
161 157 -0.2341213382220874
161 158 -0.175407057984489
161 165 0.4936159646534024
161 166 -0.697305084518417
161 167 -0.7123261395148197
161 168 0.5314776812430779
162 90 -0.2614319496144668
162 157 -0.8743582253576381
162 158 0.0559365147592416
162 161 0.9465723873156076
162 165 -0.5200150597599837
162 166 0.3835372646815516
162 167 0.5802298968174571
162 168 -0.112419628323761
163 91 -0.348664914972816
163 157 -0.5285683152399259
163 158 -0.5713900658517612
163 165 -0.1724726630099697
163 166 -0.837050205579219
163 167 -0.6233331897392203
163 168 -0.5894193282625195
164 92 0.8763481519841572
164 157 0.4294118660832802
164 158 -0.2669525308867624
164 163 -0.3575261468864943
164 165 -0.2071698756767641
164 166 0.4863543163173525
164 167 0.0676492066580001
164 168 0.2743096752925105
165 166 -0.7867277163554425
165 189 -0.7425623089577129
166 190 0.5950172729208103
167 168 0.4939133108371103
167 191 0.0805723905852473
168 192 -0.5064986330685197
169 97 -0.7337363084748769
169 167 0.6261905381071027
169 168 0.6035267337078669
169 173 -0.5577513258606772
169 174 0.5882005772646186
169 175 -0.6663710221060672
169 176 0.8727556821262594
169 181 0.5261615957780399
169 182 -0.2786717427667391
169 183 -0.6141905509503425
169 184 -0.1623086662967292
170 98 0.4452770754626187
170 167 -0.9597002644672392
170 168 0.9682582115816818
170 169 0.5263594544985808
170 173 -0.4997178112763885
170 174 0.7939949622553522
170 175 -0.43942404032418
170 176 0.6105408673945676
170 181 0.8066300808519837
170 182 0.3371647192460352
170 183 0.5453871132813943
170 184 -0.8678998861578275
171 99 -0.1358159339711311
171 157 -0.206213360061638
171 158 0.8726538884542283
171 159 0.2685421284252736
171 160 0.5475390384673804
171 167 -0.6048140830217634
171 168 0.3219030041341562
171 173 -0.7457885211826352
171 174 -0.6645129712228324
171 175 0.9241269095045356
171 176 0.8356476032292872
172 100 -0.5083032269886114
172 157 -0.660961313578124
172 158 0.1396332418889025
172 159 -0.1691173291097547
172 160 0.5411339691958144
172 167 0.3131163763637499
172 168 -0.6380992697078478
172 171 0.949829928427098
172 173 0.8209746026109983
172 174 -0.8549748701773789
172 175 -0.882059667470342
172 176 0.2411576969682256
173 174 0.9121128660092556
173 197 0.7975259888546002
174 198 -0.409167609837356
175 176 -0.9747946385248756
175 199 -0.6541717002657321
176 200 -0.2278618073120071
177 105 -0.99571963492087
177 173 0.6298545384175593
177 174 -0.2251549450494061
177 181 -0.2637134803121288
177 182 -0.4810945058351354
177 183 0.1063255761864203
177 184 -0.6908131260182291
177 189 0.5155106162165117
177 190 0.8439401948376657
177 191 0.1802406990937164
177 192 0.7247399798889218
178 106 -0.5692414968439563
178 173 -0.8907880291813111
178 174 -0.7084297421284942
178 177 -0.8575510232864629
178 181 -0.0448362689034629
178 182 0.7171401985797103
178 183 -0.9309355082383648
178 184 -0.1538754764575538
178 189 -0.2215670155163742
178 190 0.1858108911727927
178 191 0.0360914040024993
178 192 -0.9839036893542186
179 107 -0.5913932555316819
179 165 0.9772828862350932
179 166 -0.4819425950312204
179 167 0.6198032214784108
179 168 0.4984837139318883
179 173 0.3724507467076825
179 174 0.242229377570986
179 181 0.9615579724412346
179 182 -0.767169155127825
179 183 -0.3555651654444203
179 184 0.0951936357321252
180 108 0.1552279523677751
180 165 -0.0983182869684706
180 166 -0.1250993789140844
180 167 0.450491163363476
180 168 -0.2388705815399674
180 173 -0.5512706326019434
180 174 0.2171450938041703
180 179 0.775524402366004
180 181 -0.1873538402038728
180 182 -0.2330928027608974
180 183 0.4498014574428091
180 184 0.9012637800381008
181 182 0.4318853338576285
181 205 -0.658303995352286
182 206 -0.5006368368520147
183 184 0.6768532488180123
183 207 0.194731908125445
184 208 0.1064941658339206
185 113 -0.4311955521798907
185 181 -0.939915568898773
185 182 0.8185249016866301
185 189 0.0669730030296313
185 190 -0.8624979179398022
185 191 -0.7261099043676054
185 192 -0.6440979232925599
186 114 0.0558168249581869
186 181 -0.3211944061861271
186 182 0.960166242496382
186 185 -0.97143231777391
186 189 0.3995461641932725
186 190 -0.9512148565928992
186 191 0.2273193533236075
186 192 0.1972020733096302
187 115 0.1894155879679901
187 181 -0.4641867647170175
187 182 -0.5789582225383454
187 189 0.2901021333879523
187 190 -0.458202339944038
187 191 -0.8449917099861579
187 192 0.4730903779367814
188 116 -0.7221454515817052
188 181 0.4226093136630682
188 182 -0.8277623670662841
188 187 -0.6118591452424309
188 189 -0.5120804502409071
188 190 -0.5367982327745293
188 191 0.9929380465218398
188 192 -0.3715683804267484
189 190 -0.9893740837279223
189 213 -0.5223437001369897
190 214 0.0861623774066386
191 192 -0.1291657580172573
191 215 0.95519710895094
192 216 0.9081336753743918
193 121 0.851441738752285
193 191 0.1031591345181341
193 192 0.0759096734185622
193 197 -0.0829819649255032
193 198 -0.6589300143515529
193 199 0.991101620083245
193 200 -0.222848449416964
193 205 -0.5497308193789174
193 206 -0.2414389104149517
193 207 0.1309200811939304
193 208 -0.5073677032092736
194 122 -0.4594336794966034
194 191 -0.9016654609629566
194 192 0.2866678624248253
194 193 -0.1613678604168147
194 197 0.1217815552103582
194 198 -0.5631453765618821
194 199 0.5624617810598593
194 200 0.0887127521777209
194 205 -0.907675706715966
194 206 0.820333614405053
194 207 0.6185017085961098
194 208 0.9132225395606584
195 123 -0.5262773443050461
195 181 -0.1388482707394434
195 182 -0.0464259705570744
195 183 0.7349661222097026
195 184 -0.6279456301419883
195 191 0.6173835287422147
195 192 -0.9966419075291078
195 197 0.163359454236365
195 198 -0.1476383094758464
195 199 0.087331892413718
195 200 0.7550489462298866
196 124 -0.344937824678464
196 181 -0.74248442698182
196 182 -0.7759627919846339
196 183 0.9315184905890956
196 184 0.9355119277127608
196 191 0.0180743433253869
196 192 0.217081397592092
196 195 0.2919793557940753
196 197 -0.9571272665953624
196 198 0.0057643527250368
196 199 -0.361408283419169
196 200 0.6542173929555042
197 198 -0.7958147740102193
199 200 -0.6152118010594416
201 129 -0.275994565943062
201 197 -0.7879024305960489
201 198 0.6598937493777788
201 205 -0.6529510707495583
201 206 0.0411588013631922
201 207 0.0882553168484485
201 208 0.0199222693752816
201 213 0.8185344852186729
201 214 -0.0803399324148081
201 215 0.0543235387706289
201 216 -0.9226143302989194
202 130 0.8740896804068528
202 197 0.8249231696922312
202 198 -0.2239948320200508
202 201 -0.7490207890446245
202 205 -0.9091581465464672
202 206 0.1174118717911421
202 207 -0.0606702077079066
202 208 -0.1604254491277685
202 213 0.2651182838374413
202 214 0.6439696010291978
202 215 0.6849577887039764
202 216 -0.3296179523655471
203 131 0.4630112902956802
203 189 0.158961165162532
203 190 0.0997682532492596
203 191 0.8410854391672349
203 192 -0.4833996267487952
203 197 -0.0268915701193923
203 198 0.0121305506734394
203 205 -0.2822098159776265
203 206 -0.4749705066502796
203 207 -0.8038274198258246
203 208 0.3801902694344581
204 132 0.4164467319773723
204 189 -0.7038314194260864
204 190 -0.1576124371054033
204 191 -0.5875980305624349
204 192 -0.9847545569060224
204 197 0.1837010039047215
204 198 -0.82109815297074
204 203 -0.3557612509017056
204 205 0.4941860252161958
204 206 0.0823495645867364
204 207 0.7460499269034395
204 208 0.3416663115499438
205 206 0.8445370154770833
207 208 0.4991666005243154
209 137 -0.2840196342384882
209 205 0.6774704462119645
209 206 -0.8706940900777851
209 213 0.142525570219101
209 214 0.9726875783785351
209 215 -0.0669276980809132
209 216 -0.3985175674635688
210 138 -0.0380614723796171
210 205 0.0933684461082362
210 206 -0.2235173659873379
210 209 -0.2388363702327038
210 213 -0.8763188110251752
210 214 0.0046771524708548
210 215 -0.6694257389456644
210 216 0.951841132080905
211 139 0.302602829495171
211 205 0.5714862712811659
211 206 0.3925807867329696
211 213 -0.4846750580957475
211 214 0.7948490876494734
211 215 -0.0539288691391484
211 216 -0.7425844882657835
212 140 0.6490128374604751
212 205 0.0503345775260508
212 206 0.5091319578479454
212 211 -0.974536799184628
212 213 0.3903002934330821
212 214 -0.6282602024926516
212 215 -0.9421552631710814
212 216 0.9658742175230974
213 214 0.2224685958546055
215 216 0.6508013834389468
