# 
1 1 2.267204161746074
2 2 2.7788310823455165
3 3 0.7697679965741733
4 4 3.28458407142319
5 5 2.7535310210445028
6 6 -0.8729544882409161
7 7 -3.8612357085588735
8 8 1.3066915789094171
9 9 -2.70330727138152
10 10 0.8546168758916339
11 11 0.1927615589415943
12 12 2.57472759145514
13 13 0.8470813291536086
14 14 -3.0633908846135425
15 15 1.3126165103075549
16 16 -1.976130996640471
17 17 3.4541358470015027
18 18 -1.4599137772600477
19 19 -3.799926873920605
20 20 2.363360345108595
21 21 1.672496285373132
22 22 1.468527038268256
23 23 -2.156131937056469
24 24 2.583394173982735
25 25 -3.8513696964224566
26 26 0.319994862995471
27 27 3.160901099269809
28 28 0.0466065274324192
29 29 -1.7197175703318075
30 30 -3.105208974171018
31 31 -1.9450955374474093
32 32 3.967168714888804
33 33 0.2416691288560057
34 34 -1.9334851406955276
35 35 -3.026076176344591
36 36 -1.1804214841448708
37 37 0.8473148671583752
38 38 -2.8532432703262742
39 39 -2.195563599113753
40 40 3.195067085038513
41 41 -2.4557436217478195
42 42 -3.283691057737605
43 43 1.2413162886499718
44 44 1.9356377152033888
45 45 0.0938159661479769
46 46 -1.6386871794243003
47 47 -0.3726608579811632
48 48 1.5918286484984518
49 49 2.180559281745606
50 50 0.02798337397574
51 51 -1.6250365926850172
52 52 2.303837810085692
53 53 0.7117289525067738
54 54 -3.760961294159784
55 55 -2.110825751286237
56 56 -3.9878914758709767
57 57 0.9878626408329012
58 58 2.358672725399109
59 59 3.721654813954927
60 60 2.897875051227543
61 61 -0.1919287376180305
62 62 1.5667811964106626
63 63 2.9087456108127574
64 64 2.185281971830116
65 65 -3.34491531179225
66 66 -0.7204382912004368
67 67 3.268463691666748
68 68 -2.190269080892853
69 69 -3.015157996589417
70 70 -3.701091445618231
71 71 -3.5240541025333174
72 72 1.3126924084784557
73 73 3.764561080156193
74 74 1.9745658063690703
75 75 -2.5520649841309213
76 76 3.0509210814501486
77 77 -2.074466666400114
78 78 0.0458712280686697
79 79 -3.0335523485244007
80 80 -3.604513797946805
81 81 -3.195885365867136
82 82 1.6267593227446264
83 83 2.7084082560954448
84 84 2.101740834030388
85 85 -0.0349375146052208
86 86 1.8610240537994285
87 87 -3.018672195269562
88 88 1.7776125285062871
89 89 3.1091491550598738
90 90 -2.345044779614952
91 91 2.968521287466314
92 92 0.0773028065720122
93 93 0.9854212719275024
94 94 -2.8929825047020943
95 95 -1.876952601718872
96 96 2.1111302695054865
97 97 2.6272416010624635
98 98 3.878147827272257
99 99 -2.9422318510011367
100 100 -3.4106760794593027
101 101 -0.3687159856800877
102 102 0.5993125657392193
103 103 -1.6265489761286158
104 104 0.4976488079422205
105 105 -0.3740209937264831
106 106 3.843196159304779
107 107 0.0710187256101839
108 108 3.143701014458915
109 109 3.164303822289184
110 110 0.3073014131845122
111 111 3.074865042558195
112 112 -0.1463420877105719
113 113 -1.1797187389258434
114 114 3.3930976257650918
115 115 -3.0094375334057077
116 116 -2.021055982190909
117 117 2.903880573082077
118 118 2.79696424977198
119 119 -1.811167128933258
120 120 -1.2157398072961474
121 121 2.9118260039334976
122 122 -1.842506615910832
123 123 -0.8723272067027406
124 124 0.1655112352183572
125 125 -2.4003095150054943
126 126 -1.1034011158832522
127 127 -1.769865255178365
128 128 -0.7993788395467947
129 129 0.6517750623562284
130 130 -2.2527720263577296
131 131 -3.5282629004312724
132 132 1.7310879167213873
133 133 3.853305109548465
134 134 3.136918074033054
135 135 -3.992928957886982
136 136 -0.3922663913635578
137 137 -2.03294936487125
138 138 2.871811916814341
139 139 0.0601861221491306
140 140 1.3113119872399723
141 141 -0.6834041509908522
142 142 2.4033400361726853
143 143 1.3104337748290105
144 144 0.6420001187319881
145 145 2.286505085793401
146 146 -2.3166774298754937
147 147 3.743378729327926
148 148 -1.978814973085539
149 149 -3.994866382939457
150 150 2.8051804972629077
151 151 0.4544478163304521
152 152 1.067417044832318
153 153 -1.029000207675054
154 154 0.7436485002878594
155 155 -2.825516438800949
156 156 1.4387393618814794
157 157 -1.9409281035754589
158 158 1.0615225420257357
159 159 -2.588400579237021
160 160 0.6597344829573171
161 161 0.7408326428595711
162 162 2.525178194116277
163 163 1.5942737354528358
164 164 2.7250545455726467
165 165 3.528393254142256
166 166 -0.2300103591807643
167 167 -3.681610970547923
168 168 1.4500339151122097
169 169 -3.6805183961876216
170 170 -1.8640257474889443
171 171 0.0578497182474899
172 172 -2.999195304957097
173 173 -0.9516488409335624
174 174 2.233219669038861
175 175 -0.05372856603908
176 176 -0.5190922216597986
177 177 2.159821675400428
178 178 3.398612972716773
179 179 -1.4447204420560356
180 180 3.9831777052747768
181 181 -3.1318262745235934
182 182 -0.5185864201966295
183 183 2.2574319759999577
184 184 1.8302173992003663
185 185 2.4054530115478343
186 186 1.4275568013989115
187 187 0.5705555729149658
188 188 -0.3659822329994098
189 189 0.4054853196910031
190 190 0.7485054775580693
191 191 -1.1253781409339192
192 192 2.8096166037497072
193 193 2.726740453381373
194 194 0.6975319831905251
195 195 -3.2042084730599845
196 196 -3.076082722487901
197 197 -2.5735975658455423
198 198 -2.3114745881261785
199 199 3.245818277914629
200 200 -1.5026061740759404
201 201 -2.669100726750141
202 202 2.685159085413802
203 203 -2.925427951554976
204 204 -3.842637481124657
205 205 0.1166585042817889
206 206 2.6925273415472564
207 207 2.516961520916462
208 208 2.385833069299827
209 209 -0.6116780647308815
210 210 3.995151511017808
211 211 2.7075859828125326
212 212 -2.306994132525704
213 213 1.3608308334671628
214 214 -2.0420528833184197
215 215 0.7640945993157233
216 216 0.5786771260064363
1 5 -0.6549172345691443
1 6 -0.4062145995340334
1 7 -0.5132173011623207
1 8 0.2081235801629584
1 13 -0.721736102165009
1 14 -0.1730916242533295
1 15 -0.3651381261880451
1 16 0.4005775192374261
2 1 -0.9684412973285949
2 5 0.366116986129521
2 6 0.8331996615461792
2 7 0.2472420616604598
2 8 0.1560346537583488
2 13 0.8805047298487987
2 14 0.3876153726129123
2 15 -0.7499082493569313
2 16 -0.8213261705379606
3 5 0.5319041215361937
3 6 -0.8936753641558899
3 7 0.5842408075906378
3 8 0.5281107021148985
4 3 0.7939805108664815
4 5 -0.5708162862698856
4 6 -0.3320614036224294
4 7 -0.7509974061569571
4 8 0.8422837334125544
5 6 -0.019449255548505
5 29 -0.6433042027625606
6 30 -0.0813650456593884
7 8 0.5953520628742603
7 31 -0.1450513940566278
8 32 0.0869891404661005
9 5 -0.2446728047593018
9 6 0.8044764407678588
9 13 0.1272058017921444
9 14 0.7764996852852923
9 15 -0.3634725654706874
9 16 0.9456549318376484
9 21 0.4564520068643787
9 22 0.1437484524973808
9 23 -0.6465600825209685
9 24 -0.0343537713217749
9 79 -0.5662749724484915
9 80 -0.8607798546887597
10 5 -0.6815843462263358
10 6 -0.6520092479170785
10 9 0.0562924252345733
10 13 0.3172574698345918
10 14 0.8098450125314112
10 15 0.1910122572230681
10 16 0.1122905358547934
10 21 0.0627176223518315
10 22 -0.5446651367806257
10 23 0.2464016699103544
10 24 0.0461873476552465
10 79 -0.1278788433628985
10 80 -0.9302127778901084
11 5 -0.663401980058747
11 6 -0.078503108985634
11 13 -0.4355726363768819
11 14 -0.9304134136271672
11 15 0.1515512121381641
11 16 0.7326498169335494
11 79 -0.5784880090598021
11 80 0.1552719185715034
12 5 0.6994344642467212
12 6 -0.5809075875014142
12 11 0.6716952730937886
12 13 0.6661011797908087
12 14 0.1207357034077243
12 15 -0.686610392171668
12 16 0.1159948846073453
12 79 0.1638608481396444
12 80 0.5276793959381407
13 14 -0.6011936385415959
13 37 -0.542813044435301
14 38 -0.693215894534702
15 16 0.4146646611272986
15 39 -0.883703517862813
16 40 -0.859495479332612
17 13 -0.744859483459992
17 14 -0.8964878879343756
17 21 0.7651916408291322
17 22 -0.5067169456087384
17 23 -0.012319826748844
17 24 0.4129506826585902
17 87 0.5762462413537521
17 88 0.4958404734805228
18 13 -0.03888389849178
18 14 -0.2220712568674738
18 17 -0.4284298303593192
18 21 0.7411048669588807
18 22 0.3457151398144056
18 23 0.254933180005368
18 24 -0.2676464449561753
18 87 -0.2343033750835017
18 88 0.7954411297394224
19 13 0.1591413290039061
19 14 -0.5396898709220468
19 21 0.3065960896988202
19 22 0.832782572454694
19 23 -0.9795189881052822
19 24 -0.6602515787707233
19 77 0.1143038519165893
19 78 0.8545112806836932
19 79 -0.7707012331500114
19 80 0.901262469963972
19 87 0.1086786773602386
19 88 0.0501376946952607
20 13 -0.8722570678307138
20 14 -0.3117887801965258
20 19 0.4105558027708755
20 21 -0.6593459270288005
20 22 0.5230409486334764
20 23 -0.4607735369270784
20 24 0.6183128037721985
20 77 0.2401684925352092
20 78 -0.1456289940018742
20 79 -0.4657773289064484
20 80 0.8874213500496146
20 87 0.9269988286888156
20 88 -0.7677130202208446
21 22 0.1950434344207028
21 45 0.1534515022948115
22 46 -0.1875602064294523
23 24 -0.8733686288164402
23 47 0.8341596713972501
24 48 0.4061798583047959
25 23 -0.0435360565894353
25 24 -0.8252165174060906
25 29 -0.6251212912283002
25 30 -0.8481781387026046
25 31 0.5902642484934251
25 32 0.5629858196077155
25 37 -0.826261478641382
25 38 -0.1317593130953733
25 39 0.615367327629426
25 40 0.7809161646966172
26 23 -0.160120170450869
26 24 -0.6631145831684029
26 25 0.492690083037606
26 29 -0.2241987593485295
26 30 -0.072035070488964
26 31 0.4109130749631657
26 32 -0.3438388359616882
26 37 0.3737831093056774
26 38 -0.8395746877668457
26 39 0.0242250390160021
26 40 0.8648800019829341
27 13 -0.9228739167025264
27 14 0.2891574202277522
27 15 0.9943310222810592
27 16 -0.8489735255925139
27 23 0.9222209920656744
27 24 0.5592184894776477
27 29 0.0099042556925788
27 30 -0.795286351897948
27 31 0.950124815182467
27 32 0.1891622187204815
28 13 0.9427136934627902
28 14 0.3088798280613174
28 15 -0.4585156420187093
28 16 -0.8573691021540348
28 23 -0.8121041824025623
28 24 -0.0563319732893217
28 27 0.9062448927839256
28 29 -0.4789800326423246
28 30 0.015478485504536
28 31 0.5433720430616649
28 32 -0.0712388674588451
29 30 0.4892574045975155
29 53 0.5652706518425756
30 54 -0.8330775050367465
31 32 0.5000691060447777
31 55 0.0896202160644559
32 56 -0.2915427028555435
33 29 -0.0447399030978321
33 30 -0.9877083139803272
33 37 -0.0208340960768509
33 38 0.581782397312337
33 39 -0.4244313127478294
33 40 -0.2129853113123889
33 45 0.4056665953339466
33 46 -0.2304069105422719
33 47 0.3280902914188344
33 48 0.026687856613909
33 103 -0.4190068218511227
33 104 -0.0433175093515711
34 29 0.379313244132444
34 30 0.873617022763358
34 33 -0.281872889783322
34 37 -0.7542960250871118
34 38 -0.1614486826704562
34 39 0.7857515631432008
34 40 -0.4001373860789543
34 45 0.7525065907154289
34 46 -0.1116797973635763
34 47 0.5654846479882814
34 48 -0.2485569999476726
34 103 -0.6652803578946063
34 104 -0.2245423949825005
35 21 -0.6864301327587772
35 22 0.2644957005962443
35 23 0.3257874032162036
35 24 -0.7681591000669215
35 29 -0.2527496003266296
35 30 -0.6740599709672499
35 37 0.1252155521071103
35 38 -0.9272191041256088
35 39 0.909656121336178
35 40 -0.2881688981550503
35 103 0.4558553931804947
35 104 -0.7932678868717353
36 21 -0.5898491419055223
36 22 -0.2893518768963414
36 23 0.3986909111828827
36 24 0.7807417568176498
36 29 -0.1462281541181145
36 30 0.1171759338057294
36 35 -0.7190242068150297
36 37 -0.0531458949047147
36 38 0.2026749401244347
36 39 0.4875352261177854
36 40 0.9492517175547006
36 103 -0.470104251756517
36 104 0.5916191932714048
37 38 -0.6405443364984322
37 61 -0.8218699305336088
38 62 -0.2050430418176245
39 40 0.5662904372601985
39 63 0.8867018363867913
40 64 -0.914087584688414
41 37 -0.1795247013756435
41 38 0.4164131551067329
41 45 -0.9542998190959
41 46 0.6722099129369752
41 47 0.242504548649804
41 48 -0.1717614671267369
41 111 0.7669076722153212
41 112 0.4458793042501654
42 37 0.2945155664786196
42 38 -0.8185519754015333
42 41 -0.8491996326291824
42 45 -0.4387763450774915
42 46 0.8990587431569328
42 47 0.0933746013693632
42 48 0.2999662754072725
42 111 0.497972543956938
42 112 -0.9776134816047886
43 37 -0.6364604829735201
43 38 -0.0641508193111044
43 45 -0.1233086599027741
43 46 0.2397644675233428
43 47 -0.7922756294812037
43 48 -0.2276947857031825
43 101 0.3309596897376037
43 102 -0.2832708370411367
43 103 -0.6674546243309334
43 104 0.8100230467763314
43 111 0.8800640641407458
43 112 -0.911605067107782
44 37 0.9540102513927218
44 38 -0.993629579713016
44 43 0.8689901290587942
44 45 0.1806660165359812
44 46 -0.8437940354135272
44 47 0.9175659535256986
44 48 0.7626659223317842
44 101 0.0547302927744901
44 102 -0.5905046094446649
44 103 0.8685169345324459
44 104 0.8494664573864459
44 111 0.9804480126856088
44 112 -0.2045267883457799
45 46 0.6801393702269334
45 69 -0.2979792865196076
46 70 0.7881961911744944
47 48 0.6743959922731233
47 71 -0.2652085520516791
48 72 -0.0128056612637617
49 47 -0.228252475188001
49 48 0.7174350676161316
49 53 -0.6009081539723973
49 54 -0.4567696735790723
49 55 -0.5229229335457064
49 56 0.3737621887034474
49 61 -0.9182836950996304
49 62 0.7018811762162547
49 63 -0.6167529151932014
49 64 0.0819953322002013
50 47 -0.1734701518703392
50 48 -0.2271873717700532
50 49 -0.1348674002938745
50 53 0.8874348497180311
50 54 -0.9230078526442054
50 55 -0.782650874383205
50 56 -0.0255587998440984
50 61 0.9123997273634508
50 62 -0.103766174865324
50 63 0.869193875751703
50 64 -0.2700442552297171
51 37 0.8460738594180923
51 38 -0.8504055085910729
51 39 0.3349450923630934
51 40 -0.0865153412318913
51 47 0.7650736573533699
51 48 0.3500944463854221
51 53 -0.3123845762557349
51 54 0.8118774632056829
51 55 0.6927540177578939
51 56 -0.626809202002006
52 37 -0.7914556283829701
52 38 -0.0081837343236206
52 39 0.2462629789704857
52 40 0.6226367359367808
52 47 -0.5531016889036473
52 48 0.9803631005978656
52 51 0.8234987187827056
52 53 0.4204166330775354
52 54 0.8365256912337915
52 55 0.4683687650557253
52 56 -0.453617913911106
53 54 -0.9197283024190036
55 56 0.5592275673845173
57 53 0.8403528758317003
57 54 0.5289998675278511
57 61 -0.4295127375386265
57 62 0.208304243333224
57 63 -0.8171599837727201
57 64 -0.6130264933046443
57 69 0.0306576448794761
57 70 -0.9866177592917208
57 71 0.4328863678688617
57 72 0.7168926585158828
57 127 0.2458440158482528
57 128 0.9254718976235068
58 53 0.0119061789203971
58 54 -0.1517851628933699
58 57 -0.7451572990732909
58 61 0.8567404298997561
58 62 0.2700452113922302
58 63 0.0114678126422882
58 64 0.2698634935005197
58 69 0.4075466069401705
58 70 -0.6092322922363451
58 71 0.527414111585518
58 72 0.3965921777795405
58 127 0.6633450104749616
58 128 -0.3377790175782551
59 45 0.3582898467208868
59 46 0.8673148994437374
59 47 0.498262451684238
59 48 -0.3212957786667927
59 53 -0.4457990109822274
59 54 -0.8053331520373377
59 61 0.9424400261280086
59 62 0.3615698729094003
59 63 -0.8970067547319662
59 64 -0.990105475876786
59 127 0.709157701491294
59 128 -0.6449447957919574
60 45 0.2786117895288178
60 46 -0.5772393319912148
60 47 0.1329874925605474
60 48 0.9964310659661836
60 53 -0.4410915775027282
60 54 0.503379532220694
60 59 0.9424909225971436
60 61 0.5968344265655818
60 62 0.8292751062555395
60 63 0.0529284060246448
60 64 0.9309330312429582
60 127 -0.9952542281923542
60 128 -0.5530400480575675
61 62 -0.8114266372565888
63 64 0.0854216831977496
65 61 -0.95009808121037
65 62 0.2350460185375973
65 69 -0.2875163530840077
65 70 -0.2199787954741792
65 71 0.3334949472228399
65 72 0.6712209285189505
65 135 -0.0633618247682215
65 136 -0.2922007237778758
66 61 0.714613671961452
66 62 -0.8157749508302312
66 65 -0.7099532076498121
66 69 0.5788270209520661
66 70 -0.0622407164702454
66 71 0.5050250794183808
66 72 0.8493203349306704
66 135 0.0726439363120097
66 136 -0.5381280545654514
67 61 -0.7570907628863996
67 62 -0.0444361227140461
67 69 -0.1301592481919202
67 70 -0.7876154067789944
67 71 -0.8329630803482861
67 72 0.8984861001129902
67 125 -0.2952392148487621
67 126 -0.2880918639753036
67 127 -0.2352622101239752
67 128 0.0801934274708835
67 135 0.5329080531726351
67 136 -0.918509501408836
68 61 -0.4943820624737851
68 62 -0.2467895924420851
68 67 0.3312649636670119
68 69 -0.7731268668957272
68 70 -0.3673040196002384
68 71 0.1015337514559795
68 72 0.4196348786033785
68 125 -0.600621985712881
68 126 -0.2933909434017636
68 127 -0.3196967347050086
68 128 0.8655017998690284
68 135 -0.2520801505414769
68 136 -0.9437088751319505
69 70 -0.912891483129998
71 72 -0.9688692390064108
73 1 -0.7470854117106382
73 77 0.9022703806555716
73 78 -0.1047395504615931
73 79 -0.8576413438388029
73 80 -0.7567045456305235
73 85 -0.0425215378146428
73 86 0.6350041972278375
73 87 -0.3026319924527256
73 88 0.6213439126746556
74 2 -0.7364450187622518
74 73 -0.7676744802485969
74 77 -0.0955633681455059
74 78 0.3276720015932353
74 79 -0.9237673831904434
74 80 -0.5958412275602349
74 85 0.6178944779073217
74 86 -0.6839311369906154
74 87 0.4844641762158994
74 88 0.2900575892582595
75 3 -0.7555054955217384
75 77 -0.6956187448206508
75 78 0.0287569954880098
75 79 0.6512359844202407
75 80 -0.6908172966783479
76 4 0.8224749500164656
76 75 0.5007648050304134
76 77 -0.4705520083920214
76 78 0.3519736528834341
76 79 0.0282922637941238
76 80 -0.8177796973931617
77 78 0.6687996731048751
77 101 0.3667904817712084
78 102 -0.1058148458790471
79 80 0.3253022587920218
79 103 -0.5094714157646023
80 104 0.8876676057927164
81 9 -0.3415364239927607
81 77 -0.5147128066985216
81 78 0.0411152812105721
81 85 0.4471358231843958
81 86 0.924503560286878
81 87 0.1804748840839636
81 88 -0.3247623179156411
81 93 0.3264899390672986
81 94 -0.4018442534949402
81 95 0.1078078130364881
81 96 0.3551139619115067
81 151 -0.2207671544962359
81 152 -0.6587619009989218
82 10 -0.3920615906898064
82 77 0.2345634023215101
82 78 0.7165551759925088
82 81 0.7455138399628845
82 85 -0.6740364686771521
82 86 -0.1797275493888748
82 87 -0.998455222702752
82 88 0.6762905725867723
82 93 0.434811025282444
82 94 0.8656140315191945
82 95 -0.4616059537988128
82 96 0.5368172000169469
82 151 -0.0807967553775501
82 152 -0.2458817610169148
83 11 -0.943231236863426
83 77 0.9314648666363884
83 78 -0.2630946602193489
83 85 0.0393192264907802
83 86 0.903261475243054
83 87 0.3132259704491513
83 88 -0.0944223261295655
83 151 0.2732203762560945
83 152 -0.1626134096927531
84 12 0.8984664720618094
84 77 0.8498241418574619
84 78 0.1489869875138638
84 83 -0.6429260305530291
84 85 -0.3607427225958792
84 86 -0.2795742303837452
84 87 0.862376832384331
84 88 0.716378131425552
84 151 -0.1507868045105824
84 152 -0.554232180173325
85 86 -0.0766685493686345
85 109 0.963913237738206
86 110 0.7981155586148454
87 88 -0.1959887818757228
87 111 -0.837533785682059
88 112 -0.7984371720881569
89 17 0.2691255037018685
89 85 -0.5180862512885287
89 86 0.5539768840610129
89 93 0.91694510795309
89 94 0.6109441150771164
89 95 -0.160033371616608
89 96 0.1579367621819318
89 159 0.2513291637804042
89 160 -0.4115485178640412
90 18 0.8233045807770683
90 85 0.088040801078389
90 86 0.2156867900747763
90 89 -0.430668885568392
90 93 -0.2612962398553593
90 94 -0.2329871577298858
90 95 -0.3102198888966965
90 96 -0.1888157941457553
90 159 -0.9708082214356516
90 160 -0.7539322202230749
91 19 0.6584626759554111
91 85 0.5579819496647886
91 86 0.890612500952191
91 93 0.8064821768222326
91 94 -0.3899813128590681
91 95 -0.7963362428507916
91 96 0.012087140390345
91 149 -0.1709151693516222
91 150 -0.3826701275943007
91 151 -0.7772051034818317
91 152 0.3775567374717004
91 159 -0.1267080540381753
91 160 0.4497865268001757
92 20 0.0887859618139335
92 85 -0.6803141674426874
92 86 -0.2331501223154399
92 91 0.6732176135829921
92 93 -0.87256681378392
92 94 0.8985306136875062
92 95 0.0622930681866742
92 96 -0.4664798895574842
92 149 0.0932508641689073
92 150 -0.2226300259044951
92 151 -0.9004761165354951
92 152 -0.4068643230340802
92 159 0.4881509707331457
92 160 -0.6605329543391683
93 94 -0.8870085883504155
93 117 -0.8060648347916783
94 118 -0.1756323821554366
95 96 -0.5770098871214613
95 119 -0.4535051866217849
96 120 -0.5178486946312806
97 25 -0.6964981303691475
97 95 0.4981730647654681
97 96 0.8903401697048741
97 101 0.181104031581238
97 102 -0.6920114644377791
97 103 0.0774344322944102
97 104 0.1653661629673932
97 109 -0.6535540691151549
97 110 0.3153786270967114
97 111 0.8731519348037724
97 112 -0.8789523784904292
98 26 -0.0239288994896746
98 95 0.6438373171682061
98 96 -0.2743668959169243
98 97 -0.0308002443752457
98 101 -0.6017789847068427
98 102 0.1226179993377958
98 103 -0.705269254618248
98 104 0.3674479407550948
98 109 -0.9428812385937448
98 110 -0.0350578089181183
98 111 -0.7497964080619519
98 112 -0.3898316172004814
99 27 0.1993883839346846
99 85 0.5079160471914246
99 86 0.2093717717377436
99 87 -0.1086141590114788
99 88 -0.2976509736619661
99 95 -0.6434223322662267
99 96 -0.9690690275865006
99 101 0.0528898483511857
99 102 -0.1537461369905317
99 103 0.3834774112697086
99 104 -0.0904158025632018
100 28 -0.5720298838088131
100 85 -0.9501572070811668
100 86 -0.1424639151914046
100 87 -0.036718436230712
100 88 0.9780675281438164
100 95 0.3227395060985161
100 96 0.4658241732457207
100 99 0.8002352499771477
100 101 -0.9069981327025636
100 102 -0.3802726758279713
100 103 -0.7931089959796984
100 104 -0.6099268329826835
101 102 0.7395020950380293
101 125 0.4544946481832865
102 126 0.5346189366968543
103 104 -0.2953024989127288
103 127 0.9434301545391915
104 128 0.6563565029282921
105 33 -0.1883556784199245
105 101 -0.676620119896834
105 102 0.9659127729223912
105 109 -0.4022783207352134
105 110 0.8256815380472786
105 111 -0.0921451917708928
105 112 0.1081787697612983
105 117 -0.1974040729370718
105 118 0.7306511109181084
105 119 0.7367105201592923
105 120 -0.2242182136182111
105 175 -0.764850830483985
105 176 0.8827580106135269
106 34 -0.2696708667180527
106 101 -0.6221057986317915
106 102 -0.6367401985309222
106 105 0.3712802070736134
106 109 0.3106329952493563
106 110 -0.671777121614979
106 111 -0.3653082680381916
106 112 0.8881633890860128
106 117 -0.7628948089526242
106 118 -0.8397665767852398
106 119 0.8221309045927763
106 120 -0.5506362520656751
106 175 0.6113335609406021
106 176 -0.1306683311370544
107 35 0.2436317566244981
107 93 -0.5676162756676482
107 94 -0.497892468359735
107 95 -0.6218414345849068
107 96 0.5073078848540495
107 101 0.3574458417096715
107 102 -0.7466446515013714
107 109 0.4104818837532535
107 110 -0.2870805963210956
107 111 0.0486505335824998
107 112 0.240715847578107
107 175 0.7593693490898679
107 176 -0.3099128375684916
108 36 0.3363290741045632
108 93 -0.7280748338438938
108 94 -0.2513929368318759
108 95 0.7880073393284681
108 96 0.5842089956931646
108 101 0.879031383665632
108 102 -0.405669439446225
108 107 -0.5297328954450538
108 109 -0.6607730204612408
108 110 0.6904679989267637
108 111 0.7135803448574678
108 112 -0.4746085890565616
108 175 0.6932405233411603
108 176 -0.2303984613061118
109 110 -0.3466585400547519
109 133 0.2610519307673504
110 134 -0.8233508312155522
111 112 -0.887710459621202
111 135 0.0982329930249157
112 136 0.0697011999164483
113 41 -0.7205235781770587
113 109 0.5315755801865194
113 110 -0.5527029848151062
113 117 0.2091295561664836
113 118 0.6618229079840534
113 119 0.4541989787788256
113 120 -0.2204607601288879
113 183 -0.8167505381475433
113 184 0.3711123693852827
114 42 0.8270061554693604
114 109 0.2607005363637344
114 110 0.3579519289647936
114 113 -0.7625124641904983
114 117 0.9425483875112176
114 118 0.1344297158933785
114 119 0.1261322702236027
114 120 -0.52250293958641
114 183 -0.5841572695874482
114 184 -0.7895555515729722
115 43 0.6700039860917304
115 109 -0.9987266515963196
115 110 -0.5104408034167303
115 117 -0.8331910086407286
115 118 -0.3192433428182244
115 119 -0.7125114017563503
115 120 -0.848464644834052
115 173 -0.4541610572168246
115 174 0.4709630808336773
115 175 0.4299793112219519
115 176 -0.4966647928537164
115 183 0.9636927016537746
115 184 0.6239538712779307
116 44 -0.4228492095367329
116 109 0.4006979211291632
116 110 -0.669077433392574
116 115 0.7709385665077666
116 117 -0.5960727431117017
116 118 0.0989172947111094
116 119 -0.4492051219118189
116 120 -0.44310838222854
116 173 -0.6593681172664587
116 174 0.8212805500437148
116 175 0.2127382018188981
116 176 0.3408917257761252
116 183 -0.4947249898746906
116 184 -0.4630959362065976
117 118 -0.9161681806806252
117 141 0.2807399760873981
118 142 -0.2809091075065824
119 120 -0.863960721707518
119 143 0.1893892871767035
120 144 -0.0329967991983162
121 49 -0.8691287515772266
121 119 -0.4456757025561388
121 120 -0.4575098091527587
121 125 0.1717589543572379
121 126 0.4648017577966754
121 127 -0.8296138586653587
121 128 0.3940505623487398
121 133 -0.2986751300837038
121 134 0.3807277794162267
121 135 -0.5513061024943917
121 136 0.9503655606831468
122 50 -0.302002328559807
122 119 -0.1969937887274004
122 120 -0.4325410951032713
122 121 0.0517500534397952
122 125 -0.963059342558294
122 126 0.8808586696195293
122 127 -0.6690237746220966
122 128 0.5502365348069456
122 133 -0.3710115991001315
122 134 -0.4944070718244602
122 135 -0.6318074694891538
122 136 0.413726424003098
123 51 0.5562371398774091
123 109 0.4945932387809517
123 110 0.5480516663512822
123 111 0.9163819994700482
123 112 -0.4909187493259852
123 119 0.3953124082287842
123 120 0.4037260700593175
123 125 -0.4722132687170726
123 126 -0.2392242176128152
123 127 0.8867003320382747
123 128 0.0418355693709313
124 52 0.2999794119230641
124 109 -0.683455881590618
124 110 0.0029120185962712
124 111 -0.2726268126042797
124 112 0.3095561650866429
124 119 -0.234433777532024
124 120 0.3502002563120296
124 123 -0.5319920767455746
124 125 -0.742739889216899
124 126 -0.7136066218001105
124 127 0.4478895747943834
124 128 0.6916732366792042
125 126 0.6386019892406261
127 128 0.929523830157556
129 57 0.9086141573501368
129 125 -0.5731756855805976
129 126 -0.1302746090022646
129 133 0.0806684611670682
129 134 0.6195154016491544
129 135 -0.0999903210127821
129 136 0.8968644356860591
129 141 0.977089213806831
129 142 0.946035053457269
129 143 -0.8874989655991672
129 144 0.0819460699552638
129 199 0.4425462477011852
129 200 -0.5499480687547575
130 58 -0.4137117547549553
130 125 -0.7565155440532936
130 126 0.6999285922428689
130 129 -0.6899098543500324
130 133 -0.8875281278847775
130 134 -0.5025735782457414
130 135 0.2829499324206266
130 136 0.0158735989388754
130 141 -0.7122459787411708
130 142 -0.323574560230031
130 143 -0.8097147682780295
130 144 -0.9726472824747212
130 199 0.7492640928639154
130 200 0.1644106080215588
131 59 -0.5040757069454376
131 117 -0.3809834851934754
131 118 -0.6536524764542759
131 119 -0.9412492730320206
131 120 -0.0318949852842749
131 125 -0.4147325920368181
131 126 0.2633349316991193
131 133 -0.130221241802203
131 134 0.4326559626030322
131 135 0.1467711488727781
131 136 -0.5002496977185871
131 199 -0.0392730270645611
131 200 -0.4264776421950498
132 60 0.8862709310811498
132 117 -0.3941045113245429
132 118 0.5548173390521673
132 119 0.9255635778953152
132 120 -0.9020072562722788
132 125 0.0441721704623998
132 126 0.2220366043608412
132 131 -0.1147875461282488
132 133 -0.0375693688345319
132 134 -0.133754572347893
132 135 0.0630964927838144
132 136 -0.90081783750121
132 199 -0.2908403610412498
132 200 0.135345569826464
133 134 -0.5984284174737333
135 136 -0.0957114861289738
137 65 0.7416742430763892
137 133 -0.9463016789344804
137 134 0.6566272650556197
137 141 -0.045705844025685
137 142 0.3454263378463089
137 143 0.0463355489340095
137 144 0.7883645761434188
137 207 -0.6136306431832375
137 208 0.0285278799877737
138 66 0.1209042722023443
138 133 0.9776133197161396
138 134 -0.8823853167528537
138 137 -0.2224284336417579
138 141 -0.8874625875831876
138 142 0.7023686133590714
138 143 0.1053702365138826
138 144 0.616758500891103
138 207 -0.7948007518652362
138 208 -0.8007056170755895
139 67 0.5951367947087631
139 133 -0.6243934492378818
139 134 -0.3629839604551443
139 141 0.5862487292558514
139 142 -0.9002409303739911
139 143 0.3325613373405141
139 144 0.59805097291235
139 197 0.7375328429496157
139 198 0.089864884743227
139 199 0.5543853707754602
139 200 -0.0668636269828291
139 207 -0.5182658571878895
139 208 -0.1217937836109515
140 68 -0.8878058621012939
140 133 -0.2225284240136236
140 134 0.2126938422769584
140 139 0.9977931911071982
140 141 0.2251988975760182
140 142 -0.4040941203534813
140 143 0.6073022127650558
140 144 0.8649113419467058
140 197 0.2810191575145329
140 198 0.7560244699288092
140 199 0.1232605979331189
140 200 -0.6033225021532971
140 207 0.1689558601682241
140 208 0.5720886273521519
141 142 0.4495629102277829
143 144 0.94819608643085
145 73 -0.0727782317696137
145 149 -0.7783029454990251
145 150 -0.6566268997413047
145 151 -0.5858105319732418
145 152 -0.4600550446430522
145 157 -0.5817383384423065
145 158 -0.7198901887246527
145 159 0.8393390146844992
145 160 0.4089515868114086
146 74 -0.8312405318542866
146 145 0.121813199063137
146 149 0.580149715454886
146 150 -0.8718890398746799
146 151 0.4933013239274106
146 152 -0.4693095194853807
146 157 0.2710251891688491
146 158 0.8872470369231644
146 159 -0.0902036960469039
146 160 -0.5289802827823589
147 75 -0.3790854207750689
147 149 0.2882807920582166
147 150 0.1325005688746825
147 151 -0.777776950989465
147 152 -0.8691029727520523
148 76 0.9815541397662976
148 147 0.1096706609905335
148 149 -0.2286405005853069
148 150 -0.8384843608808454
148 151 0.9649042651560104
148 152 -0.352685151333205
149 150 -0.3339853822131418
149 173 -0.4451583918456945
150 174 -0.8159592519348431
151 152 -0.639029677797327
151 175 -0.7544016621331895
152 176 0.799597365606781
153 81 0.8168700417321713
153 149 0.2398619536810855
153 150 -0.445720443499092
153 157 0.2686974397392807
153 158 -0.5792165001847323
153 159 0.0633220882145713
153 160 0.657217259261839
153 165 0.4825198195739402
153 166 -0.7169409006425245
153 167 -0.5357309784858992
153 168 0.2206950184789593
154 82 0.4691768198899486
154 149 -0.5475957354035301
154 150 -0.9308342229701312
154 153 -0.7930132611279808
154 157 0.5738076991877312
154 158 0.4992965825575559
154 159 -0.5212112637493405
154 160 0.7479813989723398
154 165 -0.3225057312217803
154 166 0.7600420255590219
154 167 -0.4566317404489897
154 168 -0.607209409031344
155 83 0.3747754098850262
155 149 0.3788205417335557
155 150 0.2915015113281671
155 157 -0.5020275860441283
155 158 -0.8998003530278558
155 159 -0.6200200141228047
155 160 -0.5158828329942269
156 84 -0.3765445912479275
156 149 0.3835390315292823
156 150 0.5562264648696684
156 155 -0.1691951607827584
156 157 -0.590113140868173
156 158 -0.588601591738928
156 159 -0.8163681051346343
156 160 -0.5988489611319163
157 158 -0.8364643497184501
157 181 -0.2994549882198329
158 182 0.3916829070629484
159 160 0.7813054188708186
159 183 0.9726628894083208
160 184 -0.0220383765722018
161 89 0.6475085975011767
161 157 -0.0783663744050411
161 158 -0.0891667933418003
161 165 -0.7569614427972231
161 166 -0.34466441515143
161 167 -0.9799460021594786
161 168 0.7548629398381395
162 90 -0.3498138105345434
162 157 0.8636215256079949
162 158 0.1194404799059549
162 161 0.3268211737188551
162 165 -0.97985877759948
162 166 -0.8771509207012318
162 167 0.0281867772646258
162 168 0.2266647204340768
163 91 -0.9122419629761498
163 157 0.4576261440296427
163 158 0.1624629139262712
163 165 -0.920961049768006
163 166 -0.1441269982422333
163 167 0.4293840295000664
163 168 0.0103672353185835
164 92 0.5499698110548321
164 157 0.5206150300211214
164 158 0.906660723558974
164 163 0.6563723608733354
164 165 -0.8323241258990617
164 166 0.1314672482424301
164 167 -0.2542185257551446
164 168 0.9060905013609172
165 166 -0.8645182721203402
165 189 -0.1145389589566854
166 190 -0.6173850003859811
167 168 -0.7079981215376818
167 191 0.4710497840599954
168 192 0.032280131757016
169 97 -0.2259315181058738
169 167 -0.8174287026245035
169 168 -0.2014821273539571
169 173 0.4431768546750516
169 174 0.812811661725759
169 175 -0.5650455694426002
169 176 0.4684502377693726
169 181 -0.4609741951693089
169 182 -0.6224319575875268
169 183 0.3469483794652472
169 184 0.1705108824456456
170 98 0.265921789532753
170 167 -0.4128481083598123
170 168 -0.698692421147749
170 169 0.1023248719977265
170 173 -0.887323555064774
170 174 -0.8586132605185373
170 175 0.8915938945548643
170 176 -0.7338657274833382
170 181 -0.7924583324557095
170 182 0.9074375477715236
170 183 0.3693472029869482
170 184 -0.905237443772875
171 99 -0.8466803769418692
171 157 -0.8129281052610937
171 158 -0.4910391502244973
171 159 0.0266517791361482
171 160 -0.0868481691395319
171 167 -0.3625932676936045
171 168 -0.4309020030037787
171 173 0.561273872818596
171 174 0.8991793518932263
171 175 0.7930645591872627
171 176 -0.842064783789561
172 100 -0.7702009454926719
172 157 0.3303140547506518
172 158 0.1690414969217233
172 159 -0.0563648765592283
172 160 0.699359514446424
172 167 -0.5927881941894482
172 168 -0.823615151025501
172 171 0.7242421920901476
172 173 -0.5530323284745795
172 174 0.5312243910681755
172 175 0.4372324308661799
172 176 -0.9351184225183647
173 174 -0.1785755544820222
173 197 -0.1140243894428481
174 198 0.2989327057463138
175 176 -0.2526203238529187
175 199 0.7100951130555313
176 200 -0.7828450932263755
177 105 -0.287457169075421
177 173 -0.5545008710160959
177 174 -0.1715382654215962
177 181 0.9429822701997476
177 182 -0.1558399787022804
177 183 0.950832897829426
177 184 -0.3440962579240745
177 189 -0.4324579809693023
177 190 0.925968260710667
177 191 0.6438603687228084
177 192 0.6308711483780947
178 106 -0.804522942375709
178 173 0.1728325691018872
178 174 0.4089109454559814
178 177 -0.8407304279701331
178 181 0.3569724261649185
178 182 -0.3617576929704944
178 183 -0.1140537850870482
178 184 -0.0792046326754847
178 189 0.2689416377390543
178 190 -0.172455382549941
178 191 0.2980994111181414
178 192 0.7433017175139709
179 107 0.1106939654201253
179 165 -0.6275716128641622
179 166 -0.675175397138349
179 167 -0.2769663119334502
179 168 -0.8705092171396671
179 173 0.8545863002341931
179 174 0.3368354425246287
179 181 0.7382062699683749
179 182 0.8066857565547938
179 183 0.5659071066468493
179 184 -0.3442381679480848
180 108 0.2734959811798481
180 165 -0.3457395621482129
180 166 -0.5813356843027191
180 167 0.1514006721530227
180 168 0.8033471710029096
180 173 -0.8373889148094604
180 174 0.4234796402082337
180 179 0.328608032314418
180 181 0.1147118974519307
180 182 0.9450327990480968
180 183 -0.6649999852850268
180 184 0.8828834906643179
181 182 -0.5471753764482727
181 205 0.8998072561572432
182 206 -0.094351633078876
183 184 0.2055431737986992
183 207 0.6983261473504392
184 208 0.5478316826400293
185 113 0.970365799310897
185 181 -0.942123660173974
185 182 -0.7651488070855301
185 189 0.7544132517163051
185 190 0.7301993254579746
185 191 -0.1282211228412899
185 192 -0.211309168017846
186 114 0.7359110316124264
186 181 0.6827605490733695
186 182 0.4873793866864493
186 185 0.4588574803378631
186 189 0.6235820764845956
186 190 -0.8508112050052323
186 191 0.6531045942981772
186 192 -0.2749456352761286
187 115 -0.2251655931178913
187 181 -0.2135843799196979
187 182 -0.1132787779768882
187 189 -0.4212311202292536
187 190 0.9366152874989933
187 191 -0.1143664021689003
187 192 0.132471081120084
188 116 0.2669207236412081
188 181 0.1653022037218867
188 182 -0.0254684422651352
188 187 -0.5066919869528366
188 189 0.7740040796399943
188 190 0.713048158650367
188 191 0.3381857812532598
188 192 0.3605267644291767
189 190 -0.8863234423966764
189 213 -0.373686733203834
190 214 0.4828791970203288
191 192 0.9470271142635852
191 215 -0.2771923972549757
192 216 -0.7234589389320967
193 121 0.822258770135647
193 191 -0.1348206127606936
193 192 0.0707141328790292
193 197 -0.0378315941677336
193 198 0.351585516237541
193 199 -0.6871065478064833
193 200 -0.4471424881735746
193 205 -0.2890744169345518
193 206 0.4503208938400189
193 207 -0.7479507633967557
193 208 0.9950474510059296
194 122 0.8024397147458169
194 191 -0.9462911002690896
194 192 0.7513777101805421
194 193 0.0389966672630519
194 197 0.4769945170713492
194 198 0.3244784952343662
194 199 0.7975586439721347
194 200 -0.2011354410434258
194 205 0.1762918515984601
194 206 0.6929074857282311
194 207 0.3666500038013047
194 208 -0.2037254721373822
195 123 -0.0024902302336355
195 181 0.8557564121755143
195 182 -0.0662142333602402
195 183 0.3915006240067709
195 184 -0.3359910051141697
195 191 -0.0418787451541333
195 192 0.4845175481336052
195 197 0.5389087187102017
195 198 -0.7160870160861441
195 199 -0.4749942145361956
195 200 0.8162209705362533
196 124 -0.7565737269962451
196 181 0.8496653547201132
196 182 0.0805671777647289
196 183 -0.2804920206212957
196 184 0.87874543075476
196 191 -0.0808209731132301
196 192 0.7607652280421386
196 195 -0.8982807164613753
196 197 -0.9322723846358508
196 198 0.0751587131360507
196 199 -0.9469266737591252
196 200 0.2817972788127743
197 198 -0.2259434593775957
199 200 -0.1437401081716613
201 129 0.4723788451946975
201 197 0.1508177729023583
201 198 -0.7126472545270479
201 205 0.9235559314994368
201 206 -0.109268196499652
201 207 -0.7761514119203485
201 208 -0.9907305379614152
201 213 -0.2735462338180712
201 214 -0.8279164329303055
201 215 -0.4319263928807999
201 216 0.8146659349349912
202 130 -0.983187849062326
202 197 0.6947565220784195
202 198 0.5172904331972328
202 201 0.2821120657778631
202 205 -0.7035238085044522
202 206 0.0389073422588437
202 207 -0.097280557845421
202 208 0.2987271477669151
202 213 -0.9999466808849212
202 214 -0.1500951384738622
202 215 -0.7756860871477198
202 216 0.0092430732892176
203 131 0.7175710366679353
203 189 0.8378836134247498
203 190 -0.2537390987104329
203 191 0.0270478871163009
203 192 -0.2991643014365999
203 197 -0.2018374537112284
203 198 0.3735113123866953
203 205 0.4965959046965522
203 206 -0.9245000527071612
203 207 0.2059789900786917
203 208 -0.8222399434856755
204 132 0.2564579558575113
204 189 0.8042114302315442
204 190 0.9091864683798504
204 191 0.417839623888802
204 192 0.5068541202146599
204 197 -0.7807479686604679
204 198 -0.906557568905199
204 203 0.6777678615451532
204 205 -0.6321064950820794
204 206 0.7123850764868898
204 207 0.171200299237908
204 208 -0.3774009458364313
205 206 -0.4428479395900153
207 208 -0.7119664580503717
209 137 0.7117229004594299
209 205 -0.4747044486224876
209 206 0.0345951642181452
209 213 -0.5985037109579678
209 214 -0.7607306196121846
209 215 0.0505300889421791
209 216 -0.895622594528898
210 138 -0.143467977358747
210 205 -0.9743823416479828
210 206 -0.0465649152319043
210 209 0.8998731946599563
210 213 0.7730995404459751
210 214 0.6851223615570978
210 215 0.5068513397367203
210 216 0.0390774461081979
211 139 -0.3658035841160332
211 205 0.1879298816034023
211 206 -0.8738287316441786
211 213 -0.3419182060016568
211 214 0.7069363093132968
211 215 -0.3918216916391952
211 216 -0.8003059267234245
212 140 -0.591365355556112
212 205 0.8487560795482265
212 206 0.7615816809331055
212 211 0.7914177132210078
212 213 0.9844626898641632
212 214 0.4549306513197919
212 215 0.2571177510644644
212 216 -0.5443235512566795
213 214 0.4609481326478555
215 216 -0.4696543190408921
